#{"t_start": 1636778877.7328234, "env_id": "multicomp/SumoHumans-v0"}
r,l,t,r0,r1
-1043.38649,55,47.154489,955.853075,-1043.38649
-1089.086063,54,47.728422,-11.066885,-1089.086063
-1021.778337,45,48.179577,8.649422,-1021.778337
-1060.486873,50,48.878895,-71.21995,-1060.486873
-1109.208943,54,49.465996,-84.249923,-1109.208943
-1035.24757,49,49.99451,-28.673113,-1035.24757
-963.681334,46,50.490372,15.965092,-963.681334
-975.284192,37,51.077071,109.152531,-975.284192
-946.022271,57,51.759443,-82.780738,-946.022271
-1020.708977,48,52.271683,-37.753663,-1020.708977
-1070.653039,58,52.870385,-21.583625,-1070.653039
-1051.630559,55,53.621648,-90.032721,-1051.630559
-1202.316891,70,54.476062,-120.493534,-1202.316891
-933.864587,37,54.84567,45.968938,-933.864587
-976.560963,53,55.496212,6.59816,-976.560963
-1011.117458,45,56.107571,-7.305759,-1011.117458
-1012.744585,50,56.746186,987.463683,-1012.744585
-1024.186048,53,57.676435,-30.286232,-1024.186048
-1137.014362,58,58.50738,33.885327,-1137.014362
-1064.765252,57,59.258939,-62.667061,-1064.765252
-1051.691971,50,59.860751,-34.675269,-1051.691971
-1172.695326,64,60.73489,-158.711236,-1172.695326
-1108.871806,57,61.340423,-81.58317,-1108.871806
-986.681342,38,61.752775,41.662612,-986.681342
-990.283912,61,62.55018,17.674974,-990.283912
-1050.021949,45,63.11299,107.912811,-1050.021949
-966.404293,39,63.547045,27.635831,-966.404293
-1049.508407,49,64.215519,2.575908,-1049.508407
-1000.225238,42,64.801234,49.405225,-1000.225238
-950.925994,39,65.529934,20.785588,-950.925994
-1194.103198,65,66.488322,-62.02192,-1194.103198
-1099.691856,58,67.267414,-77.305296,-1099.691856
-1045.32008,53,67.990058,-78.071297,-1045.32008
-974.382399,39,68.669621,29.491326,-974.382399
-1272.771194,85,69.839858,760.707578,-1272.771194
-1052.821687,55,70.627739,965.570563,-1052.821687
-1102.411758,57,71.65116,1.88526,-1102.411758
-1134.890554,59,72.504876,-133.18304,-1134.890554
-1070.755269,49,73.344246,-84.885468,-1070.755269
-1119.942859,63,75.45109,-98.857282,-1119.942859
-1021.562865,49,76.177915,-23.778166,-1021.562865
-1001.387555,48,76.889197,-8.721166,-1001.387555
-1011.952277,46,77.620718,-18.515379,-1011.952277
-973.166894,38,78.39345,10.755663,-973.166894
-1006.050582,39,78.985479,16.581587,-1006.050582
-1142.046414,61,79.952865,-124.957793,-1142.046414
-1001.426126,45,80.670701,7.434178,-1001.426126
-1020.424191,52,81.800709,-75.544712,-1020.424191
-953.806755,39,82.45581,30.192123,-953.806755
-972.125893,41,83.086971,81.607826,-972.125893
-1067.524067,51,83.942671,-57.166885,-1067.524067
-1056.198948,50,84.778912,-98.026237,-1056.198948
-1313.73966,86,86.498804,-311.519976,-1313.73966
-1019.177759,47,87.356912,-9.885319,-1019.177759
-1009.181525,43,88.061248,44.665167,-1009.181525
-1084.148802,46,89.043013,20.581782,-1084.148802
-1234.863491,71,90.354428,-180.085588,-1234.863491
-1102.006439,46,91.167918,38.167187,-1102.006439
-1261.395888,71,92.658005,-77.300893,-1261.395888
-970.500504,37,93.347195,91.90596,-970.500504
-1753.45608,130,95.627453,-468.073872,-1753.45608
-978.247762,39,96.507746,17.625764,-978.247762
-1332.254794,105,98.227309,630.42529,-1332.254794
-992.007384,52,99.163582,158.071918,-992.007384
-989.831444,58,100.442526,-86.537473,-989.831444
-1075.313913,56,101.427295,-54.132923,-1075.313913
-1021.216415,44,102.154581,138.863239,-1021.216415
-1019.75595,43,103.082407,53.676939,-1019.75595
-1000.511826,46,103.82878,33.635842,-1000.511826
-1137.258078,54,104.683492,-109.345241,-1137.258078
-994.504203,42,105.308428,61.274252,-994.504203
-960.64748,40,106.111317,131.437135,-960.64748
-1162.721873,67,107.2276,-184.641353,-1162.721873
-992.570916,40,107.804476,5.05002,-992.570916
-1035.595212,46,108.570876,10.662378,-1035.595212
-967.67201,40,109.383605,47.966598,-967.67201
-990.054731,48,110.157541,14.964745,-990.054731
-978.697775,42,110.917139,58.694601,-978.697775
-1123.809992,63,112.186512,-121.562747,-1123.809992
-1131.138235,67,113.368689,-113.580979,-1131.138235
-1008.650716,39,113.986669,74.929988,-1008.650716
-1157.609295,62,114.823944,-65.950689,-1157.609295
-1007.626985,42,115.457018,58.038142,-1007.626985
-1102.790108,55,116.428276,-47.141883,-1102.790108
-1095.60872,58,117.276158,-83.782647,-1095.60872
-1194.379818,67,118.222725,-170.307583,-1194.379818
-967.960312,41,118.780971,-2.241775,-967.960312
-1279.94521,80,120.180439,-180.789536,-1279.94521
-1131.677952,50,120.923649,13.974135,-1131.677952
-1018.816594,37,121.496791,61.403013,-1018.816594
-1049.918216,48,122.29093,-23.009212,-1049.918216
-1113.89255,60,123.308107,-96.943728,-1113.89255
-1260.543274,71,124.342627,-120.45666,-1260.543274
-979.214293,40,124.925668,35.814799,-979.214293
-1032.25019,49,125.84369,33.995528,-1032.25019
-1112.820588,72,126.907028,-153.391547,-1112.820588
-1126.933004,64,127.85096,922.416465,-1126.933004
-1032.95513,45,128.716142,10.952506,-1032.95513
-1016.474639,48,129.416787,-26.180333,-1016.474639
-1069.948038,45,130.113919,8.85972,-1069.948038
-1030.069916,53,130.925277,966.822554,-1030.069916
-1049.666599,44,131.697793,53.206351,-1049.666599
-988.239443,42,132.3792,-7.112813,-988.239443
-962.291191,58,133.301769,-93.413353,-962.291191
-1124.718643,61,134.26255,-54.133784,-1124.718643
-1002.482335,43,135.038661,5.917443,-1002.482335
-1358.235001,85,136.36226,-181.408597,-1358.235001
-1117.199453,65,137.295925,-152.420352,-1117.199453
-1016.351821,52,138.061576,-31.244691,-1016.351821
-1044.191907,44,138.887391,-8.223022,-1044.191907
-1114.665804,53,139.673496,-70.01265,-1114.665804
-1032.449165,46,140.359775,13.933639,-1032.449165
-1048.049912,48,141.084978,-29.436223,-1048.049912
-1070.219361,55,142.017117,-51.800662,-1070.219361
-1105.111409,57,142.983501,-44.432613,-1105.111409
-992.564879,41,143.90513,53.706451,-992.564879
-970.376927,54,144.682163,-46.588733,-970.376927
-1119.156544,51,145.655764,-26.472606,-1119.156544
-1047.937792,45,146.348995,69.102997,-1047.937792
-985.625122,39,146.89033,44.926592,-985.625122
-1153.254044,63,147.794135,-114.932818,-1153.254044
-1093.225415,47,148.688287,-51.300602,-1093.225415
-1163.013703,54,149.528233,-77.073917,-1163.013703
-1047.055496,47,150.232611,-70.214754,-1047.055496
-999.187356,45,150.906873,-6.490792,-999.187356
-937.114991,37,151.629702,38.508935,-937.114991
-1250.55377,85,152.914176,809.586098,-1250.55377
-1159.459558,71,153.987114,-204.05602,-1159.459558
-1112.273116,65,155.125802,892.447799,-1112.273116
-971.208498,46,155.815951,-14.95187,-971.208498
-921.576699,67,156.764048,-129.697543,-921.576699
-1057.917354,58,157.778004,-40.25811,-1057.917354
-1052.080975,43,158.415347,57.298541,-1052.080975
-1004.97038,43,159.017521,2.806155,-1004.97038
-1001.46617,34,159.541432,86.222727,-1001.46617
-1046.665216,46,160.231213,3.761095,-1046.665216
-971.532474,38,161.036961,44.610379,-971.532474
-957.29484,40,161.670096,30.431116,-957.29484
-1133.825659,57,162.547411,-111.586527,-1133.825659
-1017.228766,45,163.243381,-15.207914,-1017.228766
-1019.518714,48,164.210455,-14.366686,-1019.518714
-1137.369136,56,165.143269,-61.493082,-1137.369136
-1050.625845,55,166.084211,-106.747843,-1050.625845
-1102.540331,65,167.065372,-108.026763,-1102.540331
-1026.700287,66,168.363024,-157.741642,-1026.700287
-1178.025341,65,169.544374,-126.243946,-1178.025341
-1170.758909,71,171.197523,876.197161,-1170.758909
-1097.302405,63,172.773686,927.764856,-1097.302405
-1084.138527,56,173.881913,-43.968221,-1084.138527
-1147.015194,69,175.693586,833.241113,-1147.015194
-1092.407778,53,177.451385,-79.686007,-1092.407778
-982.624436,42,178.458936,-25.399747,-982.624436
-1032.857487,50,179.682165,-0.247767,-1032.857487
-1147.465574,63,181.050274,-54.756155,-1147.465574
-1267.575293,67,183.144495,-78.983207,-1267.575293
-949.35037,37,183.980973,36.151697,-949.35037
-1040.380743,46,185.031266,20.155073,-1040.380743
-1207.253957,70,186.60565,-201.734646,-1207.253957
-1134.822104,61,187.956618,-114.5987,-1134.822104
-1205.343581,77,189.661894,-183.363435,-1205.343581
-957.568015,38,190.369973,20.640878,-957.568015
-1038.94256,48,191.42133,-42.160023,-1038.94256
-1205.05835,71,192.82674,-149.428862,-1205.05835
-946.878935,39,193.801183,37.918679,-946.878935
-1079.014597,60,194.767429,-37.706985,-1079.014597
-1138.572501,59,195.650476,-60.056759,-1138.572501
-1027.423258,53,196.478505,-18.443753,-1027.423258
-1048.515356,59,197.562357,-79.283932,-1048.515356
-1090.649817,50,198.283781,-15.341758,-1090.649817
-1043.263634,58,199.110967,-66.845669,-1043.263634
-1040.402514,52,200.127315,-37.791035,-1040.402514
-1151.584677,64,201.142765,-173.788348,-1151.584677
-1061.581299,51,201.907538,1.008236,-1061.581299
-1143.502808,52,202.766749,22.275431,-1143.502808
-1054.873162,52,203.563426,-22.470106,-1054.873162
-1260.743574,88,205.142335,747.786697,-1260.743574
-992.81006,39,205.769344,27.41552,-992.81006
-1027.579017,50,206.533703,-29.186415,-1027.579017
-1006.464004,39,207.315575,22.059901,-1006.464004
-949.377761,38,207.907013,12.681784,-949.377761
-1094.565771,52,208.699289,8.3395,-1094.565771
-1148.564949,63,209.659756,-102.195862,-1148.564949
-1052.652115,49,210.604881,-45.526897,-1052.652115
-1163.516595,72,211.732204,-157.566012,-1163.516595
-1022.151455,46,212.445993,-45.772845,-1022.151455
-1023.835609,43,213.056212,-34.234801,-1023.835609
-1184.621897,72,214.348256,-219.974549,-1184.621897
-1129.15261,59,215.202183,43.08801,-1129.15261
-981.839008,38,215.728492,56.985212,-981.839008
-939.503589,42,216.354235,10.830992,-939.503589
-1230.942487,71,217.598954,-174.047913,-1230.942487
-1044.758848,42,218.53961,59.069718,-1044.758848
-1062.572263,46,219.268582,-73.430261,-1062.572263
-938.097154,39,220.026304,1039.269681,-938.097154
-1002.196984,47,220.807643,12.033,-1002.196984
-1013.506652,37,221.340663,80.789576,-1013.506652
-961.817111,42,221.931595,1054.896714,-961.817111
-1037.60563,46,222.609201,5.339624,-1037.60563
-957.906778,40,223.343369,53.288925,-957.906778
-1053.191571,50,224.107749,130.014737,-1053.191571
-1018.56235,49,224.821156,-10.734259,-1018.56235
-1079.100255,63,225.771602,-84.319593,-1079.100255
-1027.297329,46,226.664163,-9.728208,-1027.297329
-1332.91653,97,228.096833,710.28666,-1332.91653
-1083.264172,48,228.818647,97.727804,-1083.264172
-1286.259831,78,230.330341,-134.401344,-1286.259831
-1091.436867,52,231.19536,902.469602,-1091.436867
-1044.427924,39,231.8316,109.326953,-1044.427924
-1042.875991,51,232.73271,-16.908471,-1042.875991
-1064.45328,51,233.640017,26.995399,-1064.45328
-1103.572473,49,234.415957,-36.169773,-1103.572473
-958.974895,42,235.060136,10.723116,-958.974895
-1009.714482,38,235.634732,40.114611,-1009.714482
-1004.525645,41,236.189104,85.367401,-1004.525645
-1067.713238,43,237.066494,57.526446,-1067.713238
-1344.150296,82,238.529356,-208.323427,-1344.150296
-1132.664839,61,239.491466,-103.739714,-1132.664839
-1125.171102,50,240.640721,31.330455,-1125.171102
-1073.823555,50,241.541175,-25.440457,-1073.823555
-1109.765751,58,242.530117,-70.894287,-1109.765751
-1030.235831,51,243.34249,-21.811695,-1030.235831
-1089.172943,48,244.310449,107.512685,-1089.172943
-998.742795,40,244.951682,10.267126,-998.742795
-1120.426508,52,245.761295,101.482849,-1120.426508
-982.697554,44,246.425317,-25.921136,-982.697554
-1078.472031,48,247.344059,-36.910161,-1078.472031
-1514.268259,109,249.118025,626.805298,-1514.268259
-1086.605628,49,249.912367,20.27177,-1086.605628
-1063.496864,47,250.968351,-0.175143,-1063.496864
-1197.697174,57,251.915835,-115.778369,-1197.697174
-1016.096221,39,252.524441,28.262861,-1016.096221
-1125.802262,61,254.10209,-188.032771,-1125.802262
-1016.136356,42,254.781986,41.673605,-1016.136356
-1104.06648,59,255.717518,-70.977519,-1104.06648
-1001.019896,46,256.466381,-26.503421,-1001.019896
-1195.372437,67,257.936838,-123.695994,-1195.372437
-1160.741833,68,259.128973,-184.084183,-1160.741833
-983.639991,51,260.00275,-35.045947,-983.639991
-1118.473214,64,260.99856,-115.912707,-1118.473214
-1572.685911,106,262.857071,-413.178603,-1572.685911
-1114.918979,56,263.774273,-78.758264,-1114.918979
-1156.272477,71,265.152328,-141.600571,-1156.272477
-998.914404,48,265.906802,4.426547,-998.914404
-1054.429877,48,266.68288,7.863548,-1054.429877
-1013.514106,47,267.387417,-47.594276,-1013.514106
-1029.460967,49,268.253256,1012.815019,-1029.460967
-986.181534,40,268.840875,102.553817,-986.181534
-998.229295,41,269.457599,-11.621786,-998.229295
-1164.45345,65,270.459071,-79.638007,-1164.45345
-1083.877884,54,271.529319,-40.26504,-1083.877884
-998.960935,46,272.265997,-1.740392,-998.960935
-1254.291354,77,273.536677,-183.481638,-1254.291354
-1136.018168,55,274.534231,-79.47668,-1136.018168
-1081.783414,54,275.408876,-42.943129,-1081.783414
-1018.165904,43,276.096378,27.05982,-1018.165904
-1123.326456,61,277.054683,-64.434493,-1123.326456
-1190.918453,63,278.312675,-140.460992,-1190.918453
-1043.63385,50,279.114556,-21.752768,-1043.63385
-1051.931054,48,279.897998,14.022219,-1051.931054
-1126.212731,73,281.28113,-167.085681,-1126.212731
-992.718451,41,281.978774,59.232131,-992.718451
-1023.051111,44,282.691638,32.512299,-1023.051111
-1041.179037,41,283.387999,39.603941,-1041.179037
-1121.291873,68,284.753692,-256.480469,-1121.291873
-1097.648273,55,285.818791,-106.623393,-1097.648273
-991.63613,41,286.478872,106.010128,-991.63613
-1130.761972,67,287.605204,-119.99472,-1130.761972
-987.370513,53,289.07854,940.77044,-987.370513
-1134.217696,64,290.047282,-150.006393,-1134.217696
-948.865694,38,290.627413,-6.429681,-948.865694
-1094.577657,58,291.771997,-106.041755,-1094.577657
-1037.307255,47,292.591479,-38.587177,-1037.307255
-1055.878919,54,293.44263,-50.639392,-1055.878919
-1049.849422,51,294.296579,-32.68695,-1049.849422
-1148.792808,53,295.425159,5.420575,-1148.792808
-1107.386304,59,296.404928,-79.893821,-1107.386304
-1259.472824,71,297.495828,-119.422362,-1259.472824
-1041.569942,47,298.458544,2.766981,-1041.569942
-1086.130858,58,299.424396,-49.243803,-1086.130858
-1124.672299,61,300.401569,-88.730547,-1124.672299
-974.969449,38,300.993586,33.198805,-974.969449
-1130.989434,75,302.3431,-114.944151,-1130.989434
-1213.960244,67,303.299286,-81.245451,-1213.960244
-945.386597,55,304.154973,-62.428567,-945.386597
-987.383727,39,304.928059,52.752812,-987.383727
-1279.877005,86,306.288915,744.844102,-1279.877005
-1050.898453,54,307.127939,-52.813876,-1050.898453
-1133.062253,66,308.3317,904.327419,-1133.062253
-1141.403489,64,309.320107,-113.456467,-1141.403489
-1547.644208,133,311.599159,450.698766,-1547.644208
-1111.074538,51,312.4345,-17.383506,-1111.074538
-1132.936024,64,313.531185,-131.429494,-1132.936024
-1082.857198,57,314.456145,-59.330315,-1082.857198
-1062.417827,50,315.490701,-15.892614,-1062.417827
-1147.419132,56,316.40186,-80.353305,-1147.419132
-1311.140331,90,317.883721,711.631824,-1311.140331
-948.725739,38,318.493611,53.232192,-948.725739
-1116.223645,60,319.689178,-117.095953,-1116.223645
-1024.50911,40,320.471829,61.181767,-1024.50911
-1055.115492,47,321.379167,82.517517,-1055.115492
-1033.686048,41,322.039337,7.169299,-1033.686048
-928.333626,62,323.382229,-100.150422,-928.333626
-1056.90228,54,324.814993,-97.151615,-1056.90228
-1411.935055,102,326.904537,675.81268,-1411.935055
-985.871738,38,327.558582,38.457732,-985.871738
-1034.614305,42,328.287696,21.686344,-1034.614305
-1082.418448,50,329.184673,-82.358491,-1082.418448
-1206.377635,67,330.717943,-146.72724,-1206.377635
-983.726344,41,331.402902,63.249816,-983.726344
-1038.772757,55,332.362455,-64.413598,-1038.772757
-1019.060485,46,333.255965,9.145827,-1019.060485
-1174.355809,62,334.315926,-158.186271,-1174.355809
-1142.451256,63,335.33291,-105.155592,-1142.451256
-1147.86256,71,336.658231,-200.153225,-1147.86256
-1102.628206,55,337.629642,-76.049593,-1102.628206
-1048.191019,40,338.280746,67.413391,-1048.191019
-1333.550218,76,339.607938,-258.662508,-1333.550218
-1184.804114,70,341.01621,864.824467,-1184.804114
-1217.059045,69,342.114621,-131.02133,-1217.059045
-1045.337309,47,342.856726,-55.504715,-1045.337309
-986.695439,40,343.650173,37.545398,-986.695439
-1164.517419,65,344.664457,-95.783567,-1164.517419
-1203.22461,59,345.57923,-143.308875,-1203.22461
-1089.21355,60,346.443365,-100.611769,-1089.21355
-972.615437,39,347.067034,75.711581,-972.615437
-1032.428916,51,348.056227,-61.990372,-1032.428916
-1119.008625,63,348.96385,-108.723831,-1119.008625
-958.051091,46,349.638139,-7.688381,-958.051091
-940.16336,40,350.255253,44.254889,-940.16336
-1210.571143,73,351.598439,-174.579563,-1210.571143
-1174.373499,63,352.506526,-101.906756,-1174.373499
-1041.002379,56,353.311933,-33.580297,-1041.002379
-1087.880843,51,354.224042,-24.730079,-1087.880843
-1174.053999,66,355.177308,-140.433882,-1174.053999
-1122.896194,62,356.099782,-109.140257,-1122.896194
-1292.809866,107,357.904766,692.90853,-1292.809866
-1192.075824,69,358.916839,-152.458874,-1192.075824
-1227.522012,68,360.507825,-60.599462,-1227.522012
-1109.936103,58,361.398502,-67.061514,-1109.936103
-1264.796309,79,362.635653,-299.706765,-1264.796309
-1284.287392,71,363.83265,-20.963615,-1284.287392
-1031.425545,57,364.685113,-85.186798,-1031.425545
-1044.275475,45,365.387817,-16.629842,-1044.275475
-969.521833,42,365.952657,1.662394,-969.521833
-1071.460818,50,366.886668,-55.033057,-1071.460818
-1036.793795,56,367.721608,946.596568,-1036.793795
-1002.164695,40,368.307502,-6.004316,-1002.164695
-1172.863201,58,369.18194,-54.69574,-1172.863201
-1063.608646,56,370.211484,936.402705,-1063.608646
-950.612146,47,370.955621,-10.389874,-950.612146
-931.892099,44,371.656238,45.36827,-931.892099
-1187.49018,72,372.770369,-129.554644,-1187.49018
-1039.329161,48,373.684429,-73.770462,-1039.329161
-1195.688233,74,374.808446,819.317682,-1195.688233
-1040.472905,53,375.534431,-35.256463,-1040.472905
-1210.128618,79,376.862995,-208.703429,-1210.128618
-1037.564474,74,377.986226,-259.411092,-1037.564474
-1037.591581,50,378.731274,-24.998678,-1037.591581
-1073.828837,52,379.642994,-81.141244,-1073.828837
-992.118317,44,380.38216,50.538588,-992.118317
-985.510107,45,381.095687,34.922066,-985.510107
-1070.143492,73,382.198185,837.036,-1070.143492
-1245.559453,83,383.79566,782.445369,-1245.559453
-1010.927937,52,384.625151,-46.957089,-1010.927937
-1057.111284,48,385.429851,-50.792247,-1057.111284
-1020.243706,38,386.021852,36.07654,-1020.243706
-916.163773,54,387.164935,-44.761035,-916.163773
-1184.721586,70,388.344333,-158.316444,-1184.721586
-1181.027117,70,389.690532,-153.239524,-1181.027117
-1121.512622,61,390.832491,-78.469065,-1121.512622
-1167.325437,73,392.196242,-178.550019,-1167.325437
-1196.569489,74,393.750301,-220.829913,-1196.569489
-980.78382,46,395.006904,1022.283413,-980.78382
-1146.786998,61,396.032265,-49.00279,-1146.786998
-1136.896074,56,397.181154,-67.217944,-1136.896074
-1206.010033,78,398.587009,841.526445,-1206.010033
-1060.406586,54,399.465571,-37.894501,-1060.406586
-1288.528006,91,401.336101,771.878119,-1288.528006
-1063.293253,59,402.354337,939.169561,-1063.293253
-965.684232,41,403.087027,42.01114,-965.684232
-1015.748482,42,403.931342,117.166389,-1015.748482
-1390.626937,83,405.79856,-171.688527,-1390.626937
-1223.422279,71,406.965369,-164.83063,-1223.422279
-1208.249678,75,408.174433,814.038188,-1208.249678
-1022.595887,44,409.129027,51.432064,-1022.595887
-1311.583191,94,410.67979,-328.304475,-1311.583191
-1309.319244,89,412.766079,-383.001606,-1309.319244
-1168.829667,72,414.084259,-190.764627,-1168.829667
-1072.206034,58,415.096425,-34.554018,-1072.206034
-1055.570524,47,416.013669,-24.760228,-1055.570524
-1100.989665,66,417.107343,890.361731,-1100.989665
-1115.882592,54,417.974982,-18.06337,-1115.882592
-985.118572,48,418.73172,-27.521283,-985.118572
-985.553063,40,419.47511,56.503879,-985.553063
-1078.900477,64,420.394004,-100.485592,-1078.900477
-1154.918545,72,421.4731,789.177422,-1154.918545
-1133.637024,55,422.439673,-74.135169,-1133.637024
-1031.837256,47,423.242662,-32.231368,-1031.837256
-1084.864752,57,424.175239,931.219705,-1084.864752
-1064.192345,55,425.016687,-48.719621,-1064.192345
-963.944682,48,426.102455,-30.792801,-963.944682
-991.826537,35,427.017727,90.824533,-991.826537
-1321.89411,75,428.474651,-209.997587,-1321.89411
-1138.572435,71,429.686207,-148.594338,-1138.572435
-1237.932937,77,430.836576,-249.087733,-1237.932937
-1016.768259,57,432.052779,971.115807,-1016.768259
-1272.713166,73,433.417109,-128.802457,-1272.713166
-1057.883514,58,434.415775,-48.905663,-1057.883514
-1173.228818,69,435.414531,862.124283,-1173.228818
-1076.721428,54,436.176638,-19.819678,-1076.721428
-996.232527,48,437.123592,1039.553305,-996.232527
-978.02608,43,437.807779,-52.957947,-978.02608
-1321.700478,78,438.910037,-201.218286,-1321.700478
-163.434768,73,440.166198,-1026.628313,-163.434768
-1054.156694,50,440.957671,0.070453,-1054.156694
-1121.149534,57,441.798289,-115.827008,-1121.149534
-1197.460222,62,442.875392,-73.895932,-1197.460222
-1280.426325,77,444.18062,-109.699025,-1280.426325
-1077.227364,53,445.027763,-17.411558,-1077.227364
-1131.187515,59,446.160035,-114.744022,-1131.187515
-1111.697389,55,447.044358,-61.233324,-1111.697389
-1149.264004,67,448.002661,-215.251618,-1149.264004
-1106.578612,58,448.842996,-69.750064,-1106.578612
-1185.643705,73,450.108103,-149.463363,-1185.643705
-990.671328,42,450.729639,60.901866,-990.671328
-1100.50132,53,451.454111,-41.567025,-1100.50132
-1059.64329,51,452.398847,-14.606998,-1059.64329
-1110.771646,66,453.493243,-199.849355,-1110.771646
-1066.854402,53,454.278773,-3.721575,-1066.854402
-1069.016253,52,455.066798,-42.250685,-1069.016253
-1133.030765,69,456.401969,-139.065306,-1133.030765
-1020.816859,47,457.125703,-3.554033,-1020.816859
-953.35923,39,457.743664,1049.652614,-953.35923
-967.471794,54,458.766714,-53.169264,-967.471794
-1061.727066,54,459.682088,-62.266486,-1061.727066
-1085.462386,54,460.568419,-42.581,-1085.462386
-1103.707157,51,461.410539,-60.802681,-1103.707157
-1186.175093,72,462.828405,-90.496035,-1186.175093
-1045.706325,52,463.786344,-47.818464,-1045.706325
-1168.933827,68,465.000882,-137.763914,-1168.933827
-1115.121655,48,465.872413,18.423008,-1115.121655
-1290.460708,87,468.161731,-225.891692,-1290.460708
-1233.722264,79,469.475707,-210.07673,-1233.722264
-1185.292783,65,470.837735,-183.780168,-1185.292783
-1056.973779,43,471.617409,18.296648,-1056.973779
-1318.276496,82,472.961623,-335.954959,-1318.276496
-999.736625,55,474.065016,-59.399708,-999.736625
-968.95189,46,474.831274,33.83049,-968.95189
-1130.130582,59,475.807433,-110.223274,-1130.130582
-1199.523896,65,477.073294,-137.787576,-1199.523896
-1036.367789,48,477.832923,60.122938,-1036.367789
-1442.037528,93,479.200111,-304.496266,-1442.037528
-1033.999556,53,480.123892,973.335022,-1033.999556
-944.423637,40,480.710335,9.435105,-944.423637
-1097.449659,58,481.611594,-45.684222,-1097.449659
-1288.882192,87,483.137309,-305.76822,-1288.882192
-1204.157435,79,484.553322,810.477085,-1204.157435
-1144.633667,70,485.6863,856.20723,-1144.633667
-1149.06649,58,486.912937,-112.941579,-1149.06649
-1036.400284,104,488.693692,-425.592622,-1036.400284
-1025.773994,46,489.476319,-24.880754,-1025.773994
-1074.165914,47,490.261314,137.260742,-1074.165914
-918.946639,56,491.397738,-88.437779,-918.946639
-963.94076,38,492.007356,25.675814,-963.94076
-1006.727452,55,492.827071,-74.195033,-1006.727452
-987.6442,44,493.509518,46.338059,-987.6442
-1036.515736,51,494.459884,-77.134375,-1036.515736
-1077.830974,57,495.329348,-57.315998,-1077.830974
-1349.537899,87,496.759853,-279.431472,-1349.537899
-1104.326321,55,497.753049,2.62322,-1104.326321
-1072.465236,56,498.581837,-42.012614,-1072.465236
-1016.271009,49,499.284655,-28.919049,-1016.271009
-1015.766921,42,500.084974,4.20742,-1015.766921
-1100.061425,47,500.907485,-17.838629,-1100.061425
-954.345165,37,501.493001,14.535326,-954.345165
-1055.812354,52,502.666758,-24.915579,-1055.812354
-1051.045902,49,503.613218,-33.862601,-1051.045902
-983.610269,39,504.265786,33.505813,-983.610269
-1093.419585,66,505.319953,870.165285,-1093.419585
-1002.307295,42,505.989573,-20.527978,-1002.307295
-1115.379945,67,507.260263,902.008157,-1115.379945
-1074.280375,47,508.018667,-32.950285,-1074.280375
-1179.542858,62,508.973145,-124.758068,-1179.542858
-1129.730172,62,510.230586,-112.663578,-1129.730172
-1169.475172,68,511.424602,-152.448757,-1169.475172
-1010.816595,65,512.462287,-28.314936,-1010.816595
-1088.033559,62,513.71823,-86.045307,-1088.033559
-1191.131902,67,514.851178,-108.33158,-1191.131902
-1164.393241,70,516.125715,-153.652157,-1164.393241
-1108.024065,66,517.552665,928.345012,-1108.024065
-1092.223812,50,518.394876,-32.671519,-1092.223812
-1045.300363,51,519.237572,4.609903,-1045.300363
-1237.30079,84,520.665576,814.37131,-1237.30079
-1159.663658,61,521.9839,38.541565,-1159.663658
-1244.17539,83,523.44243,807.50493,-1244.17539
-1175.465837,55,524.432338,-55.541063,-1175.465837
-1090.829638,47,525.430909,-25.151278,-1090.829638
-986.912158,37,526.054318,34.694661,-986.912158
-970.301062,40,526.699893,1036.428477,-970.301062
-1017.158888,59,527.691922,-63.723646,-1017.158888
-1102.631357,57,528.867345,-75.073235,-1102.631357
-1034.65386,47,529.594726,47.645164,-1034.65386
-1061.143486,52,530.476978,-51.986912,-1061.143486
-1294.450636,86,532.066611,720.964732,-1294.450636
-1373.165888,88,533.395618,-332.801984,-1373.165888
-1259.931192,79,534.80559,-156.30739,-1259.931192
-1036.745603,48,535.576428,22.932252,-1036.745603
-1044.848098,52,536.342588,-15.176286,-1044.848098
-964.348497,50,537.059806,0.497315,-964.348497
-990.68237,41,537.786863,42.202487,-990.68237
-1032.140715,52,538.979975,-13.739072,-1032.140715
-1023.114674,44,539.59986,11.438276,-1023.114674
-1046.195064,49,540.296635,-31.326786,-1046.195064
-1126.215571,61,541.396124,-55.35778,-1126.215571
-1025.933443,52,542.161797,-19.935847,-1025.933443
-1210.665927,78,543.256254,-198.337571,-1210.665927
-1027.88734,47,544.181441,1.280937,-1027.88734
-1113.017932,57,545.061102,-10.72661,-1113.017932
-1062.887991,47,545.933961,-4.476337,-1062.887991
-1156.694617,66,547.006286,-176.740943,-1156.694617
-1024.704182,46,547.679905,48.605839,-1024.704182
-1498.330544,117,549.564034,547.85565,-1498.330544
-1468.806928,101,551.216346,-419.991773,-1468.806928
-944.509742,37,551.801431,1069.450368,-944.509742
-1291.773458,70,552.891526,-130.980857,-1291.773458
-971.294,44,553.612795,25.314515,-971.294
-1063.916602,54,554.624459,-13.425456,-1063.916602
-1111.012282,61,555.539928,-109.36442,-1111.012282
-992.172372,55,556.353407,32.632854,-992.172372
-983.011316,39,556.905026,49.573142,-983.011316
-1081.224119,61,558.034626,-106.75629,-1081.224119
-1348.877544,80,559.269316,3.318938,-1348.877544
-960.478882,60,560.269167,-151.527024,-960.478882
-1115.184791,55,561.400951,-75.56578,-1115.184791
-1189.731187,73,562.562499,-140.666989,-1189.731187
-1053.407945,49,563.359385,-15.860514,-1053.407945
-1091.868724,59,564.566604,-37.762439,-1091.868724
-1090.318571,50,565.365004,-65.643196,-1090.318571
-1193.454635,69,566.533191,-116.353343,-1193.454635
-1123.817827,57,567.729697,-46.057795,-1123.817827
-969.278725,38,568.345356,65.531487,-969.278725
-1191.685259,63,569.319179,-144.320344,-1191.685259
-983.739558,38,569.94063,43.809585,-983.739558
-972.212402,40,570.823781,10.694954,-972.212402
-963.391115,37,571.513085,57.627266,-963.391115
-1306.750159,94,573.71034,689.105336,-1306.750159
-1289.524225,81,575.432016,737.759496,-1289.524225
-1015.348021,46,576.319445,29.083186,-1015.348021
-1056.592491,47,577.255728,2.734596,-1056.592491
-1105.834325,47,578.151502,-8.905713,-1105.834325
-1042.442634,48,579.401564,-46.664133,-1042.442634
-1334.803583,94,581.254506,694.849392,-1334.803583
-1091.034962,53,582.323739,-69.139444,-1091.034962
-1314.633477,81,584.237966,-229.336183,-1314.633477
-1307.73778,91,585.786106,733.783843,-1307.73778
-1088.148405,53,587.001327,-61.686922,-1088.148405
-1316.280867,95,588.539691,703.235575,-1316.280867
-1264.349466,78,590.005747,-203.881656,-1264.349466
-1224.649174,74,591.350866,-184.112039,-1224.649174
-973.911951,44,592.071872,-19.470858,-973.911951
-1130.027613,61,593.268823,909.885511,-1130.027613
-1161.383385,67,594.322009,-211.177358,-1161.383385
-1100.705095,55,595.133379,-60.402355,-1100.705095
-1212.178682,74,596.54758,-190.457967,-1212.178682
-1017.063359,70,597.784656,-120.957496,-1017.063359
-880.664594,66,598.827188,900.21315,-880.664594
-1087.361652,57,599.927074,-123.320799,-1087.361652
-1124.448553,62,600.911335,-112.943408,-1124.448553
-1122.821935,59,601.802945,-59.713586,-1122.821935
-1005.609851,40,602.356166,68.008457,-1005.609851
-1088.234148,51,603.311477,-53.519828,-1088.234148
-1179.511705,62,604.754303,-99.736046,-1179.511705
-1240.160434,71,605.912396,43.210624,-1240.160434
-1163.450115,71,607.153336,-24.729998,-1163.450115
-1443.207046,110,609.591644,532.952698,-1443.207046
-1013.657396,41,610.208328,42.355268,-1013.657396
-1063.919469,71,612.143931,862.63734,-1063.919469
-1203.743667,77,613.408572,832.376931,-1203.743667
-1097.215724,46,614.60878,66.014611,-1097.215724
-990.828449,62,615.697086,-93.324072,-990.828449
-1183.19729,68,616.756114,-160.522246,-1183.19729
-1061.558642,50,617.502596,-38.084679,-1061.558642
-1225.338032,69,618.771419,-174.828168,-1225.338032
-932.197728,41,619.343809,1028.388867,-932.197728
-1272.518718,75,620.509101,-181.187549,-1272.518718
-1040.434869,53,621.594191,-58.081827,-1040.434869
-1171.240235,72,622.727843,-164.924412,-1171.240235
-1447.302254,121,625.026006,537.374191,-1447.302254
-1702.673994,151,627.656277,345.533154,-1702.673994
-1276.683315,78,628.918423,-175.73367,-1276.683315
-1120.300735,64,630.022302,-97.078789,-1120.300735
-1337.004937,100,632.168831,-414.405605,-1337.004937
-1209.818962,69,633.467037,-108.101041,-1209.818962
-1095.74978,62,634.763011,-74.174547,-1095.74978
-1168.020123,63,635.916596,-88.69882,-1168.020123
-1441.782265,104,637.650131,-395.829778,-1441.782265
-1163.65505,62,638.707333,-134.159442,-1163.65505
-1017.018906,49,639.590552,-9.214565,-1017.018906
-1125.412855,52,640.374073,-46.902549,-1125.412855
-1217.153045,76,641.467507,-205.505394,-1217.153045
-1041.724926,66,642.745214,-133.299313,-1041.724926
-1010.225887,50,643.593569,-8.07011,-1010.225887
-1313.326786,90,645.175297,825.541688,-1313.326786
-1146.128571,63,646.206844,-97.468538,-1146.128571
-952.870067,50,646.987899,-8.318303,-952.870067
-1000.007351,57,647.888185,-0.825173,-1000.007351
-1262.89426,77,649.702058,-211.520243,-1262.89426
-1094.949781,59,650.541391,-44.800689,-1094.949781
-1250.168071,78,652.004957,-236.688957,-1250.168071
-1045.594735,47,652.723161,-36.958257,-1045.594735
-1039.066102,47,653.385596,16.981328,-1039.066102
-1154.385066,70,654.423492,854.751346,-1154.385066
-1059.184974,49,655.328579,-3.702612,-1059.184974
-1068.53511,52,656.092457,32.393338,-1068.53511
-1010.119578,42,656.722995,29.015676,-1010.119578
-1053.547317,51,657.451424,-47.898487,-1053.547317
-1165.41919,68,658.700866,-136.422353,-1165.41919
-947.833525,36,659.230761,68.880441,-947.833525
-1100.577033,64,660.151576,-65.716028,-1100.577033
-1128.991004,55,661.149234,8.727321,-1128.991004
-1139.412172,65,662.177788,-81.356084,-1139.412172
-1041.658206,50,663.00112,-59.616859,-1041.658206
-1096.986658,47,663.766419,-15.843049,-1096.986658
-965.422922,39,664.437773,43.947828,-965.422922
-950.249471,50,665.534199,964.001707,-950.249471
-1139.52899,66,666.655787,-80.640556,-1139.52899
-1176.75585,65,667.715526,-145.793756,-1176.75585
-1212.376935,65,669.032259,-103.205328,-1212.376935
-976.276181,40,669.678625,104.574382,-976.276181
-1030.614953,48,670.478234,-38.378183,-1030.614953
-1282.291016,75,671.952297,-229.064869,-1282.291016
-969.499814,42,672.778083,25.388329,-969.499814
-1499.503944,107,674.695631,704.691492,-1499.503944
-1222.363194,82,676.325079,787.161917,-1222.363194
-1481.968892,96,677.991248,-246.861064,-1481.968892
-1076.149186,56,679.095986,-94.750798,-1076.149186
-1098.300902,63,680.18814,-76.187607,-1098.300902
-1187.555556,70,681.375962,-173.199153,-1187.555556
-1036.676906,51,682.186455,-14.32151,-1036.676906
-1168.665949,71,683.565851,-168.134118,-1168.665949
-1225.585957,71,685.329174,-266.232013,-1225.585957
-969.715849,39,686.251145,41.822464,-969.715849
-1227.133046,85,687.827977,764.484617,-1227.133046
-1070.935665,81,689.295556,-286.016391,-1070.935665
-971.443919,64,690.668041,-60.042146,-971.443919
-1175.705842,77,691.954737,800.676308,-1175.705842
-1285.067403,93,693.702401,725.543434,-1285.067403
-1214.984617,78,694.960141,782.147301,-1214.984617
-969.266598,39,695.59745,91.031116,-969.266598
-1173.666446,56,696.47615,4.774821,-1173.666446
-1065.464645,56,697.542565,-65.514622,-1065.464645
-1052.72459,54,698.381472,-49.18127,-1052.72459
-1146.488563,65,699.41006,-149.77576,-1146.488563
-1346.357336,75,700.715988,-198.844623,-1346.357336
-1226.193579,86,701.95238,769.024961,-1226.193579
-1122.434438,54,702.750391,-44.999262,-1122.434438
-1153.587838,58,703.844769,128.207744,-1153.587838
-1166.582265,64,704.817335,-163.255499,-1166.582265
-1323.948592,103,706.456563,644.98594,-1323.948592
-974.649953,44,707.112612,1025.942847,-974.649953
-982.991457,53,707.860205,-42.825868,-982.991457
-1381.644601,104,709.54245,684.527795,-1381.644601
-1028.256685,53,710.278221,-26.908253,-1028.256685
-1164.073289,61,711.159822,-90.541957,-1164.073289
-1062.923528,54,711.969574,-88.459818,-1062.923528
-1218.271431,74,713.285779,-136.540919,-1218.271431
-1133.874213,59,714.248924,-176.843421,-1133.874213
-1070.308623,67,715.368415,118.966896,-1070.308623
-1124.685075,64,716.708597,-80.841634,-1124.685075
-1077.238764,86,718.332409,768.938438,-1077.238764
-1031.112773,53,720.049509,-23.001099,-1031.112773
-1202.786529,81,721.458732,788.721401,-1202.786529
-1210.115153,74,722.667483,-136.4251,-1210.115153
-1165.768095,73,724.246482,-186.11607,-1165.768095
-1047.226407,55,725.271945,-77.024158,-1047.226407
-1113.174365,58,726.336386,-84.887503,-1113.174365
-1012.873021,42,727.227478,87.257482,-1012.873021
-1104.707712,50,728.486164,-23.504043,-1104.707712
-1327.177331,92,730.417042,-268.363852,-1327.177331
-1177.656863,74,732.097699,-169.547171,-1177.656863
-932.411927,57,733.187087,-114.434811,-932.411927
-1086.854941,49,734.078214,-80.208024,-1086.854941
-1196.614153,69,735.933364,4.737686,-1196.614153
-1082.580167,52,736.980376,-59.969601,-1082.580167
-1186.757764,60,738.027472,-67.5941,-1186.757764
-1412.440206,104,739.999022,642.453093,-1412.440206
-1149.476377,65,741.079067,-89.087869,-1149.476377
-1209.214482,74,742.3989,-232.738314,-1209.214482
-1058.240062,55,743.66537,-87.114083,-1058.240062
-1236.21294,69,745.089849,-166.924148,-1236.21294
-1051.563125,53,746.039968,912.028314,-1051.563125
-1051.538533,66,747.522184,20.850952,-1051.538533
-1031.111127,57,748.552063,-41.574256,-1031.111127
-1017.02338,40,749.222885,29.333945,-1017.02338
-923.901741,76,750.711567,-161.82233,-923.901741
-1150.96434,68,751.966022,-107.643438,-1150.96434
-989.638133,40,752.65143,16.076765,-989.638133
-1020.127585,59,753.841239,969.984123,-1020.127585
-989.566191,46,754.778476,22.335491,-989.566191
-1142.189834,61,755.845599,-105.78419,-1142.189834
-1228.383263,70,756.998374,-146.168098,-1228.383263
-1220.266128,68,758.307635,9.249891,-1220.266128
-1201.894916,75,759.428003,807.979624,-1201.894916
-1504.806429,122,761.851208,511.848899,-1504.806429
-978.191565,40,762.510336,64.10953,-978.191565
-1093.050293,54,763.318975,-71.145123,-1093.050293
-938.692125,56,764.190641,971.413277,-938.692125
-1192.288169,80,765.603309,-223.43777,-1192.288169
-239.696273,76,766.698406,-1031.385006,-239.696273
-1312.416216,75,768.011872,-205.371482,-1312.416216
-930.915361,55,768.85214,-51.586209,-930.915361
-1048.105451,57,769.656708,-70.136304,-1048.105451
-991.020122,56,770.553845,-44.055527,-991.020122
-1243.0556,80,771.87065,771.064032,-1243.0556
-1156.608645,66,772.843847,927.910677,-1156.608645
-1220.555992,98,774.529198,622.693792,-1220.555992
-1043.359753,54,775.416363,-49.028886,-1043.359753
-1467.071537,106,777.318506,650.523455,-1467.071537
-1089.005189,55,778.195109,-42.049119,-1089.005189
-1038.186944,53,778.953391,948.068442,-1038.186944
-1080.401167,54,779.734451,964.502392,-1080.401167
-980.590036,69,781.002412,-161.490284,-980.590036
-1178.071288,68,782.019481,-143.866531,-1178.071288
-1083.396445,76,783.329873,-183.196338,-1083.396445
-1259.992077,91,784.875036,820.62174,-1259.992077
-1134.793636,52,785.799644,-1.608592,-1134.793636
-1150.400915,70,786.9291,-170.628645,-1150.400915
-1142.997876,60,788.122935,-121.613061,-1142.997876
-1059.538529,46,788.911275,-39.762114,-1059.538529
-1149.139902,60,789.869602,-126.192179,-1149.139902
-1139.263377,57,791.146131,90.211117,-1139.263377
-1102.228921,70,792.382593,875.60089,-1102.228921
-1122.226572,54,793.409171,-61.148938,-1122.226572
-1066.037099,50,795.074574,-5.705316,-1066.037099
-1189.731127,66,796.196075,-165.378735,-1189.731127
-1261.749592,71,797.46932,-180.978745,-1261.749592
-1047.352008,50,798.614735,-45.607642,-1047.352008
-1153.491663,62,799.659323,-104.111243,-1153.491663
-1260.2279,95,801.424289,-299.309242,-1260.2279
-1139.148068,65,802.820395,-144.44769,-1139.148068
-1192.687052,64,803.942547,-112.331816,-1192.687052
-1131.388769,64,805.083577,-79.522856,-1131.388769
-1080.680773,54,806.409085,-89.457902,-1080.680773
-1189.061057,67,807.603925,-164.502741,-1189.061057
-1194.169426,74,808.861506,-233.477007,-1194.169426
-1521.516797,130,811.135349,432.512766,-1521.516797
-1297.626887,86,812.589065,772.394749,-1297.626887
-1235.932879,69,813.658114,-202.78729,-1235.932879
-1044.60841,47,814.413626,-21.971607,-1044.60841
-1002.209557,41,814.962795,48.335338,-1002.209557
-1141.763319,67,815.891275,-144.810358,-1141.763319
-1184.246617,69,817.081576,-184.497731,-1184.246617
-1127.244141,68,818.140941,899.791256,-1127.244141
-1124.670114,67,819.165518,898.444278,-1124.670114
-1256.067783,78,820.560619,-185.336263,-1256.067783
-1253.993297,62,821.486495,113.12053,-1253.993297
-985.181416,39,822.034003,69.053606,-985.181416
-1225.172077,71,823.319387,-174.042399,-1225.172077
-1124.666545,56,824.246553,61.730441,-1124.666545
-1108.665393,61,825.202434,924.162808,-1108.665393
-1256.423112,74,826.717116,-179.0908,-1256.423112
-1200.696039,61,827.682447,145.632184,-1200.696039
-990.310951,85,829.197513,694.418474,-990.310951
-1117.172473,58,830.131474,-85.758166,-1117.172473
-1179.953878,64,831.475556,-127.988083,-1179.953878
-1056.307711,49,832.295977,-78.646928,-1056.307711
-1004.833057,47,833.127567,7.440838,-1004.833057
-1216.04157,71,834.297013,-185.272085,-1216.04157
-1078.217711,49,835.128104,-59.129666,-1078.217711
-1143.6254,70,836.539402,869.179562,-1143.6254
-1056.959016,51,837.500409,-43.431426,-1056.959016
-928.144707,77,838.878239,-147.121142,-928.144707
-1319.459167,98,840.849664,719.920026,-1319.459167
-999.859195,54,841.755055,-5.97505,-999.859195
-1151.508807,68,842.931258,-127.681439,-1151.508807
-1091.469145,51,844.191907,-71.491318,-1091.469145
-1193.243827,64,845.355713,49.646818,-1193.243827
-1591.435521,122,847.659033,-499.930623,-1591.435521
-1034.288758,48,848.496923,84.250962,-1034.288758
-1202.863335,79,849.841313,791.787997,-1202.863335
-1254.665643,75,851.365933,-145.199982,-1254.665643
-1256.816467,82,852.803697,-220.795372,-1256.816467
-976.351331,41,853.535516,30.658758,-976.351331
-988.29663,52,854.668179,-50.489786,-988.29663
-1014.978681,45,855.44375,47.636425,-1014.978681
-1131.634791,64,856.586058,-121.288695,-1131.634791
-964.556371,51,857.451438,-23.776541,-964.556371
-1059.442055,52,858.629658,-38.68266,-1059.442055
-983.348667,51,859.462122,-18.363621,-983.348667
-1092.209153,60,860.404003,915.946692,-1092.209153
-1288.11819,69,861.700358,-207.638829,-1288.11819
692.24375,92,863.177339,-1307.658869,692.24375
-1188.999576,70,864.285633,-148.621646,-1188.999576
-997.580857,46,865.1892,-22.951918,-997.580857
-960.221876,50,865.888109,979.804378,-960.221876
-1064.874649,64,866.820385,-174.922029,-1064.874649
-1265.379722,88,868.700433,757.81097,-1265.379722
-1029.355074,42,869.286061,101.525023,-1029.355074
-1050.72209,54,870.062823,964.219036,-1050.72209
-1171.252764,73,871.444813,-186.497132,-1171.252764
-1001.283551,45,872.13452,15.998881,-1001.283551
-1079.668096,47,872.808244,-15.038229,-1079.668096
-1010.194756,36,873.34407,51.460765,-1010.194756
-949.97396,37,873.86305,64.122834,-949.97396
-959.924816,45,874.609158,11.81386,-959.924816
-1260.30615,80,875.986279,-251.258084,-1260.30615
-1063.544069,49,876.709581,-16.780249,-1063.544069
-1122.640918,71,877.7949,859.715729,-1122.640918
-1034.940897,52,878.780617,-7.932645,-1034.940897
-1123.745341,61,879.658914,-67.766607,-1123.745341
-1107.193962,56,880.508497,-31.441694,-1107.193962
-1203.666103,77,881.893054,-92.8771,-1203.666103
-1080.889335,48,882.581533,60.259281,-1080.889335
-968.824452,47,883.269379,4.346877,-968.824452
-1210.039822,77,884.648177,-203.796776,-1210.039822
-1152.587907,69,885.877632,-127.717151,-1152.587907
-969.520856,61,886.841647,-127.078028,-969.520856
-1194.957269,74,888.238712,831.635812,-1194.957269
-1318.613309,90,889.554968,-319.297127,-1318.613309
-1160.884853,67,890.571547,-107.594115,-1160.884853
-998.909958,63,891.687457,-103.598657,-998.909958
-1162.103813,62,892.606687,133.453552,-1162.103813
-944.276295,50,893.349733,-30.167523,-944.276295
-1143.915375,60,894.430335,-91.521739,-1143.915375
-1077.338947,63,895.388758,915.925159,-1077.338947
-1146.54721,63,896.321153,-113.775232,-1146.54721
-1412.935091,97,898.022151,605.800253,-1412.935091
-1241.484656,66,899.0265,18.912952,-1241.484656
-1456.823421,95,900.365489,-340.122154,-1456.823421
-1258.133479,74,902.0818,-185.856112,-1258.133479
-1288.10243,74,903.262979,-269.069586,-1288.10243
-1379.142446,93,904.880527,-212.479481,-1379.142446
-999.662949,67,906.021541,-135.204279,-999.662949
-1086.091767,65,907.034422,-112.521056,-1086.091767
-1116.940933,57,908.003357,-93.93104,-1116.940933
-963.093157,78,909.570164,-230.03873,-963.093157
-1112.085223,49,910.419079,21.961757,-1112.085223
-1243.938397,80,912.03914,792.470796,-1243.938397
-1051.600933,56,913.039752,41.079089,-1051.600933
-1441.911956,98,914.841877,-206.708543,-1441.911956
-1132.437359,64,916.298849,-105.022367,-1132.437359
-1086.056398,66,917.46147,-167.695723,-1086.056398
-1567.274411,137,920.112612,379.978561,-1567.274411
-1182.459771,66,921.164623,-148.520676,-1182.459771
-1217.223139,82,922.676942,-202.192736,-1217.223139
-1067.536352,58,923.710715,-94.799072,-1067.536352
-1111.219436,58,925.146688,-74.115108,-1111.219436
-1097.598857,59,926.237865,-83.447464,-1097.598857
-1190.60624,61,927.563551,-126.613561,-1190.60624
-1170.854785,76,928.979383,978.500431,-1170.854785
-1262.924302,70,930.205729,-179.756634,-1262.924302
-1255.924844,81,931.658395,803.257558,-1255.924844
-1009.924931,48,932.385756,17.931198,-1009.924931
-1303.773183,88,933.68374,735.557785,-1303.773183
-1224.997705,84,935.15851,799.521133,-1224.997705
-1114.692606,66,936.109294,-192.069264,-1114.692606
-1131.155273,54,936.899895,-109.575561,-1131.155273
-1099.685973,58,937.992624,-150.685086,-1099.685973
-1057.994937,64,939.339865,27.304642,-1057.994937
-1173.259066,65,940.315234,-156.000736,-1173.259066
-1170.370043,68,941.511464,-135.259499,-1170.370043
-1431.682319,112,943.282031,-451.761746,-1431.682319
-952.529212,40,944.19161,30.215594,-952.529212
-1073.696597,64,945.241026,-114.698933,-1073.696597
-1181.346488,65,946.232583,-173.894291,-1181.346488
-1008.254601,56,947.233282,924.841036,-1008.254601
-1223.269023,80,948.412032,-175.766955,-1223.269023
-1003.965141,46,949.074475,-3.710176,-1003.965141
-1462.694731,98,950.747971,-340.799883,-1462.694731
-989.808442,50,951.452697,-20.714369,-989.808442
-1045.153574,49,952.142693,-43.369528,-1045.153574
-1522.774832,132,954.303944,501.774814,-1522.774832
-1152.96147,55,955.171167,75.575703,-1152.96147
-1383.798096,86,956.756237,-272.72727,-1383.798096
-1125.035227,61,957.649921,-168.788609,-1125.035227
-1253.936877,81,958.803439,-274.641409,-1253.936877
-1095.198745,59,959.673944,-85.119602,-1095.198745
-1091.173914,50,960.647108,-84.216708,-1091.173914
-1030.981412,55,961.453828,-47.512285,-1030.981412
-1488.425,118,963.373538,549.683607,-1488.425
-1133.327509,51,964.234855,-13.864199,-1133.327509
-1141.884875,58,965.076065,-59.159903,-1141.884875
-941.308286,51,965.783454,-28.67057,-941.308286
-1481.222891,123,967.829651,592.844313,-1481.222891
-1196.666929,73,968.870634,-144.828257,-1196.666929
-1237.606783,73,970.261066,-204.315734,-1237.606783
-1210.059685,79,971.770124,-195.351981,-1210.059685
-1259.119708,81,973.144532,781.559226,-1259.119708
-1067.199512,54,973.952055,-85.945117,-1067.199512
-1168.064589,69,974.982358,-160.52793,-1168.064589
-1170.029405,67,976.17175,-163.811259,-1170.029405
-1143.384948,63,977.107863,-150.939839,-1143.384948
-1154.778327,64,978.087048,-125.129763,-1154.778327
-1086.59202,57,979.142995,-65.617222,-1086.59202
-1117.924161,55,979.963575,-102.321694,-1117.924161
-1154.324003,70,981.063392,920.589126,-1154.324003
-1208.184451,62,982.189491,-23.777313,-1208.184451
-1130.711238,68,983.246369,877.147274,-1130.711238
-1144.19204,74,984.326699,874.672685,-1144.19204
-1039.132886,47,985.05667,18.073603,-1039.132886
-1077.986381,46,985.803965,77.906936,-1077.986381
-1164.948623,80,987.173907,-156.34127,-1164.948623
-1192.583763,71,988.248605,-159.029639,-1192.583763
-1155.181548,77,989.661428,820.610021,-1155.181548
-1104.751093,58,990.60082,-89.315125,-1104.751093
-1079.501481,58,991.505605,-87.169013,-1079.501481
-1005.659365,45,992.202243,7.658423,-1005.659365
-1274.7329,78,993.562112,-180.320017,-1274.7329
-1048.913131,45,994.241875,-45.980745,-1048.913131
-1240.758113,77,995.539652,781.129503,-1240.758113
-975.972851,46,996.384696,5.57961,-975.972851
-1137.882901,58,997.263559,-114.960858,-1137.882901
-1159.248631,74,998.455906,-146.237268,-1159.248631
-1022.281563,55,999.592554,-91.665429,-1022.281563
-1078.745158,52,1000.456964,-59.390914,-1078.745158
-1247.317494,73,1001.583573,-154.006711,-1247.317494
-1330.526986,98,1004.551318,692.431243,-1330.526986
-1432.489288,109,1006.62373,606.848198,-1432.489288
-878.832804,100,1008.763583,-409.450763,-878.832804
-1109.974806,56,1009.883902,-19.318578,-1109.974806
-1011.121782,65,1011.544278,-138.583055,-1011.121782
-1099.097622,56,1012.411871,-79.028545,-1099.097622
-1108.772899,66,1013.848602,-91.149645,-1108.772899
-988.574111,41,1014.514749,25.584096,-988.574111
-1032.827947,42,1015.278188,39.523422,-1032.827947
-1147.104494,60,1016.399788,-90.089206,-1147.104494
-1236.598153,72,1017.834226,-122.613531,-1236.598153
-1132.575296,63,1018.934946,-106.842408,-1132.575296
-1057.841168,47,1019.828455,22.587034,-1057.841168
-1022.724505,49,1020.626613,1012.318437,-1022.724505
-1043.745033,53,1021.646676,-25.649787,-1043.745033
-1046.785105,55,1022.470904,-62.52309,-1046.785105
-941.935472,57,1023.457241,-46.198251,-941.935472
-1278.399285,72,1024.7556,-171.541797,-1278.399285
-1064.245788,49,1025.563726,-24.197746,-1064.245788
-976.190741,59,1026.630877,-49.892337,-976.190741
-1135.979332,66,1027.670676,-12.788251,-1135.979332
-1139.495822,56,1028.616385,-42.821534,-1139.495822
-1117.236379,58,1029.480381,-49.06864,-1117.236379
-1031.35464,52,1030.297925,-79.828335,-1031.35464
-1268.822898,83,1031.762801,-237.132233,-1268.822898
-1128.696155,63,1032.701954,915.437032,-1128.696155
-991.719879,54,1033.620989,122.347351,-991.719879
-1024.100579,50,1034.739541,4.626365,-1024.100579
-1209.96239,61,1035.881421,-97.03296,-1209.96239
-1126.096521,65,1037.008121,-113.849446,-1126.096521
-1095.20839,61,1038.239303,-113.86742,-1095.20839
-1082.740588,51,1039.051711,-79.909732,-1082.740588
-1101.821305,78,1040.330466,-107.794943,-1101.821305
-1227.532621,75,1041.836704,-148.64715,-1227.532621
-1381.746924,95,1043.417718,-318.954754,-1381.746924
-1221.862264,83,1045.247443,806.227569,-1221.862264
-1006.434663,57,1046.461262,-41.599937,-1006.434663
-1329.142263,80,1047.778201,-181.495899,-1329.142263
-1330.261401,97,1049.861485,638.024203,-1330.261401
-1076.515518,53,1050.970206,-32.825376,-1076.515518
-1087.442514,58,1052.308685,-20.954738,-1087.442514
-1028.167631,49,1053.316764,14.718154,-1028.167631
-979.456885,44,1054.139086,18.371149,-979.456885
-1118.919345,61,1055.243109,915.691274,-1118.919345
-1037.2824,51,1056.157092,990.733162,-1037.2824
-1184.774583,74,1057.830935,-152.93663,-1184.774583
-1044.49348,59,1059.388982,-118.347104,-1044.49348
-1224.383945,82,1061.114808,-195.436498,-1224.383945
-1153.508535,64,1062.14393,-111.668029,-1153.508535
-1086.066547,64,1063.21253,892.732724,-1086.066547
-1051.748336,56,1064.413707,-35.727612,-1051.748336
-1061.482623,61,1065.501167,913.337336,-1061.482623
-985.198775,78,1066.927483,-193.720541,-985.198775
-1017.532065,41,1067.770245,90.587361,-1017.532065
-1177.703602,68,1068.950717,892.734273,-1177.703602
-1290.176216,82,1070.300871,784.301106,-1290.176216
-1144.709603,66,1071.688313,-193.546934,-1144.709603
-1089.71263,60,1072.733173,-69.962079,-1089.71263
-1173.144208,61,1073.64598,71.857157,-1173.144208
-1220.533228,77,1075.011507,-198.591907,-1220.533228
-1094.784204,58,1075.890709,-73.38847,-1094.784204
-1370.810085,80,1077.350251,-1222.328047,-1370.810085
-974.960597,56,1078.458365,-34.054564,-974.960597
-1283.919121,76,1079.839635,-220.491085,-1283.919121
-1232.445815,74,1081.028919,-154.754264,-1232.445815
-1381.169744,107,1083.208915,635.296823,-1381.169744
-1284.918577,82,1084.480616,-170.855839,-1284.918577
-1128.392122,52,1085.883362,922.575194,-1128.392122
-1262.989676,109,1087.575145,667.52494,-1262.989676
-1143.367162,60,1088.822693,-94.712713,-1143.367162
-1203.145735,69,1089.987334,-87.791163,-1203.145735
-1418.662329,128,1092.367806,454.23446,-1418.662329
-1073.121356,51,1093.250385,-75.488865,-1073.121356
-1074.101149,54,1094.159468,-41.37268,-1074.101149
-1247.927871,77,1095.794978,-182.958391,-1247.927871
-1220.851262,75,1097.259195,-219.006144,-1220.851262
-1125.158428,71,1098.548028,-177.455629,-1125.158428
-1199.201319,80,1100.382742,-253.645222,-1199.201319
-1105.861218,50,1101.300306,-5.455225,-1105.861218
-1108.465027,61,1102.358246,-97.506945,-1108.465027
-1162.433782,63,1103.711931,-172.901925,-1162.433782
-1249.455487,66,1104.841544,52.024345,-1249.455487
-957.988472,75,1106.200764,857.510651,-957.988472
-1277.26299,81,1107.845579,-108.881657,-1277.26299
-962.700686,44,1108.68931,18.888222,-962.700686
-1318.484178,89,1110.45192,-272.037339,-1318.484178
-1213.868547,68,1112.248757,-173.225021,-1213.868547
-1031.082902,45,1113.051962,13.467041,-1031.082902
-1416.632783,116,1115.570227,612.246745,-1416.632783
-1117.866789,69,1116.754509,828.525178,-1117.866789
-969.04843,78,1118.330076,-197.755911,-969.04843
-1014.216289,61,1119.472488,-105.8289,-1014.216289
-1110.660543,66,1121.117392,-118.991632,-1110.660543
-994.007621,44,1121.830402,106.598239,-994.007621
-1340.773807,97,1124.090957,679.405919,-1340.773807
-1115.578818,60,1125.261875,-108.775207,-1115.578818
-1257.354003,76,1127.297951,-157.609944,-1257.354003
-882.770478,71,1128.474103,-149.742875,-882.770478
-1105.11138,59,1129.675927,-136.456821,-1105.11138
-968.421407,83,1131.132102,-185.359776,-968.421407
-1117.025883,99,1132.647106,646.250112,-1117.025883
-1065.121948,53,1133.691115,982.847334,-1065.121948
-1130.996464,65,1134.639351,-103.453291,-1130.996464
-1300.436184,93,1136.517089,-304.633701,-1300.436184
-1141.276639,65,1137.849654,-183.917906,-1141.276639
421.263789,140,1140.472844,-1612.714259,421.263789
-992.267809,59,1141.896559,-100.130007,-992.267809
-1086.073256,58,1142.832087,-71.843848,-1086.073256
-1249.111737,79,1144.136739,-168.985263,-1249.111737
-1467.094093,101,1146.170216,-409.6171,-1467.094093
-1002.753179,45,1147.313391,-3.224315,-1002.753179
-1364.703689,98,1149.303121,-325.600724,-1364.703689
-1193.97994,69,1150.600547,-169.625396,-1193.97994
-1352.412939,91,1152.460174,-217.238083,-1352.412939
-1123.709921,65,1153.893052,-114.34512,-1123.709921
-1182.295685,79,1155.517693,820.274308,-1182.295685
-996.360243,57,1156.987249,957.003808,-996.360243
-1052.719289,54,1158.072536,32.412563,-1052.719289
-1073.331692,83,1159.756085,-231.99962,-1073.331692
-1257.083185,81,1161.943477,-213.643883,-1257.083185
-1157.628376,60,1163.262429,-174.848465,-1157.628376
-1101.74588,66,1164.949338,-78.544651,-1101.74588
-1215.351157,88,1167.524518,768.593306,-1215.351157
-1115.407916,58,1169.072039,-81.469603,-1115.407916
-1141.191315,61,1170.330409,-119.672157,-1141.191315
-1471.987257,134,1173.134234,497.882844,-1471.987257
-1084.772526,52,1174.718706,-99.288403,-1084.772526
-1156.518599,53,1176.058141,32.389242,-1156.518599
-1254.238825,73,1177.836498,-131.861741,-1254.238825
-1078.042995,60,1179.784538,-30.898541,-1078.042995
-1216.778021,73,1181.554648,-198.033016,-1216.778021
-1258.955652,85,1183.811767,-182.669738,-1258.955652
-1190.521131,66,1185.257539,-86.154765,-1190.521131
-1031.902437,60,1186.55286,913.39849,-1031.902437
-1279.330843,75,1188.344956,-192.826797,-1279.330843
-1089.146706,62,1189.56248,10.702991,-1089.146706
-1118.21696,62,1191.106321,-79.434533,-1118.21696
-1523.417889,127,1193.766524,535.979902,-1523.417889
-1358.486811,126,1197.003045,500.209946,-1358.486811
-1529.371481,135,1200.102391,427.718315,-1529.371481
-1068.602722,52,1201.274587,-57.527311,-1068.602722
-1137.698442,51,1202.357451,865.955346,-1137.698442
-1417.883694,99,1204.544643,621.794731,-1417.883694
-1036.834505,56,1205.660672,-76.61288,-1036.834505
-1081.416362,60,1206.972194,-97.2858,-1081.416362
-1464.549706,115,1209.416224,556.544805,-1464.549706
-1354.273194,90,1211.206591,-207.982778,-1354.273194
-1121.776785,63,1212.777924,-90.603788,-1121.776785
-1227.756476,66,1214.540852,-144.310371,-1227.756476
-993.210817,70,1216.165106,875.929288,-993.210817
-1084.766254,59,1217.285767,-110.239256,-1084.766254
-1005.693331,41,1218.008732,107.291976,-1005.693331
-989.425191,68,1219.233061,-212.964474,-989.425191
-1092.261421,52,1220.54321,-58.0155,-1092.261421
-1228.951631,72,1221.845989,-234.08994,-1228.951631
-1046.981771,51,1222.826906,-4.016077,-1046.981771
-1244.935465,80,1224.570967,804.224679,-1244.935465
-1548.118662,108,1226.51289,-314.981474,-1548.118662
-1273.022847,76,1228.162307,-249.124344,-1273.022847
-1467.166867,106,1229.988785,-372.878824,-1467.166867
-1063.577344,76,1231.622267,741.57485,-1063.577344
-1073.468209,53,1232.637775,-58.728593,-1073.468209
-1474.673344,105,1234.662449,-337.108965,-1474.673344
-1101.488621,55,1235.698071,-88.765957,-1101.488621
-1090.779476,51,1236.68841,26.020327,-1090.779476
-900.523451,74,1238.227056,-224.013759,-900.523451
-1149.99341,61,1239.485667,-184.33606,-1149.99341
-876.873747,79,1240.882407,-208.004872,-876.873747
-1096.854197,50,1241.795601,-119.387622,-1096.854197
-1104.868529,55,1243.071502,-42.743349,-1104.868529
-863.832478,66,1244.35258,-139.967182,-863.832478
-1006.615063,66,1245.536155,-119.720611,-1006.615063
354.355666,150,1248.538988,-1657.079432,354.355666
-1147.59865,50,1249.447052,-28.162276,-1147.59865
-1487.869803,98,1251.611155,613.997425,-1487.869803
-1279.486762,102,1253.727703,635.583265,-1279.486762
-1362.782265,94,1256.086869,724.619653,-1362.782265
-1146.846388,75,1258.08465,856.708665,-1146.846388
-1127.826589,69,1259.568511,872.184071,-1127.826589
-1053.757252,57,1261.002772,911.166072,-1053.757252
-1191.435239,65,1262.810199,-200.318191,-1191.435239
-1029.496335,94,1264.732763,-212.553083,-1029.496335
-957.738473,57,1265.973262,-62.30816,-957.738473
-1124.675859,60,1267.634632,-69.490393,-1124.675859
-1240.427661,91,1269.759894,780.748588,-1240.427661
-1111.888749,55,1271.410232,-12.515212,-1111.888749
-1217.339828,93,1273.782714,-352.380761,-1217.339828
-1232.730283,90,1276.192339,716.130118,-1232.730283
-1062.11734,54,1277.489761,-57.025269,-1062.11734
-1184.735749,67,1279.054097,-126.917709,-1184.735749
-1174.912352,70,1281.102644,787.310187,-1174.912352
-1017.256688,74,1282.790407,-71.365407,-1017.256688
-1085.434728,83,1284.533437,-315.370464,-1085.434728
-1101.93369,70,1286.505212,-70.719244,-1101.93369
-1031.776986,81,1288.366817,-230.487142,-1031.776986
-1113.224102,79,1290.465195,854.732027,-1113.224102
-1005.068605,51,1291.745849,-24.531496,-1005.068605
-1383.118094,105,1294.536163,702.854555,-1383.118094
-1130.433725,88,1296.855884,750.367179,-1130.433725
-1243.496027,83,1299.053758,-282.874092,-1243.496027
-918.549378,69,1300.728302,-131.087095,-918.549378
-1072.907449,57,1301.99497,-106.757812,-1072.907449
-1266.074674,80,1304.093523,-258.546157,-1266.074674
-1079.561972,98,1306.876939,-309.647154,-1079.561972
-1301.585465,95,1309.395984,715.457369,-1301.585465
-1422.580875,112,1312.014318,626.967245,-1422.580875
-1567.345684,136,1314.98319,500.745209,-1567.345684
-1089.126862,58,1316.33726,-124.257314,-1089.126862
-1101.939354,61,1318.477723,-89.095981,-1101.939354
-1302.255131,87,1320.742702,742.335018,-1302.255131
-987.628466,64,1322.583479,-123.220434,-987.628466
-998.179022,80,1324.558761,802.927853,-998.179022
-1050.696385,117,1327.95004,590.727806,-1050.696385
-908.665824,87,1330.125667,742.953486,-908.665824
-857.689996,79,1331.759237,-208.429235,-857.689996
-1044.480456,71,1332.932845,-147.35413,-1044.480456
-995.875518,42,1333.721562,19.355474,-995.875518
-1148.19676,61,1334.968861,-164.585237,-1148.19676
-920.641909,75,1336.24512,818.706746,-920.641909
-1090.218941,57,1337.258317,-51.143851,-1090.218941
-1114.40672,51,1338.35755,14.210839,-1114.40672
-1190.586683,70,1339.941379,-191.14497,-1190.586683
-875.346836,64,1341.054649,-104.067209,-875.346836
-1049.910741,66,1342.693004,899.959402,-1049.910741
-1350.273591,81,1344.324605,7.203961,-1350.273591
-904.707238,103,1346.862639,617.334925,-904.707238
-1310.931639,95,1349.030382,715.432585,-1310.931639
-1666.098253,121,1352.074366,-440.653738,-1666.098253
-1257.208752,97,1354.924206,-403.953387,-1257.208752
-1143.348336,61,1356.774363,-109.992732,-1143.348336
-1024.364982,41,1357.834525,95.91631,-1024.364982
-1021.652714,54,1359.022909,977.843605,-1021.652714
-1419.053729,117,1362.181988,596.314752,-1419.053729
-1267.765019,84,1364.403879,732.171359,-1267.765019
-1176.183542,72,1366.081914,-221.608596,-1176.183542
-1274.645943,90,1368.400729,778.613829,-1274.645943
-1125.399514,82,1370.467409,-188.854511,-1125.399514
-1215.850317,77,1372.215942,-207.637799,-1215.850317
-1007.679009,81,1374.397987,798.162139,-1007.679009
-1172.786094,64,1375.729352,-116.527936,-1172.786094
-1037.018029,99,1378.158155,-336.503282,-1037.018029
-975.2467,67,1379.730517,-87.301919,-975.2467
-900.682589,61,1381.190784,-79.414074,-900.682589
-1065.971416,50,1382.586754,-2.470385,-1065.971416
-1152.102853,68,1384.075598,822.628257,-1152.102853
-817.120409,76,1385.937731,785.821688,-817.120409
-1100.375589,62,1387.300947,-84.891367,-1100.375589
-1284.575542,84,1389.14293,-231.756931,-1284.575542
-1094.200361,58,1390.720202,-94.254562,-1094.200361
-934.695721,84,1392.616895,781.680852,-934.695721
-1070.74588,63,1394.172553,910.67333,-1070.74588
-1168.508789,79,1396.343973,785.00824,-1168.508789
-899.737265,69,1397.817585,-207.02534,-899.737265
-1162.265905,65,1399.363437,-137.737617,-1162.265905
-984.938933,62,1400.939207,-114.036456,-984.938933
-741.129656,132,1404.206599,456.742794,-741.129656
-1146.825436,68,1406.166614,904.20371,-1146.825436
-1036.88445,55,1407.288205,-108.714183,-1036.88445
-1207.265792,81,1409.276411,700.258845,-1207.265792
-1127.78227,90,1410.959781,714.938132,-1127.78227
-1150.563313,74,1412.704718,856.194368,-1150.563313
-1179.458835,63,1413.841232,-92.346766,-1179.458835
-889.50837,80,1415.251322,-158.199373,-889.50837
-1370.476357,110,1417.662485,611.808953,-1370.476357
-824.981261,91,1419.750279,748.581983,-824.981261
-287.816842,119,1422.280189,-1482.367577,-287.816842
-1223.484971,80,1424.296604,-309.934214,-1223.484971
-1026.177426,55,1425.438195,-88.199792,-1026.177426
-1922.394197,185,1430.053334,81.611947,-1922.394197
-905.360854,76,1431.711159,-189.38564,-905.360854
-961.571262,69,1433.554924,-127.12153,-961.571262
-1220.955767,77,1435.160887,841.119537,-1220.955767
-1168.537586,71,1436.675092,-130.597954,-1168.537586
-1013.163818,64,1438.482286,-115.44549,-1013.163818
-1020.038022,66,1440.315216,-140.803655,-1020.038022
-932.122575,56,1441.926104,959.22264,-932.122575
-1499.321692,118,1444.668653,501.485114,-1499.321692
-1222.368709,77,1446.694573,-152.181641,-1222.368709
-1544.871409,115,1449.467277,-358.525353,-1544.871409
-1214.772664,114,1452.365309,684.205602,-1214.772664
-1136.894744,52,1454.080663,-31.663843,-1136.894744
-1230.068581,80,1456.183213,783.507608,-1230.068581
-1337.63268,99,1458.39675,-318.695708,-1337.63268
-1095.263487,58,1460.071556,-44.78312,-1095.263487
-1227.29338,66,1461.576183,-118.573795,-1227.29338
-1088.291731,59,1462.903926,-123.77431,-1088.291731
-737.438474,108,1465.634329,653.320797,-737.438474
-1067.40111,54,1466.883284,-74.966256,-1067.40111
-1458.956205,172,1471.384653,262.293047,-1458.956205
-1008.545146,71,1472.969502,-255.997633,-1008.545146
-1272.125326,82,1475.33141,-166.068789,-1272.125326
-1101.504344,55,1476.524258,-68.508629,-1101.504344
-980.489755,79,1478.462044,-123.526576,-980.489755
-1002.791652,55,1479.660298,-87.865358,-1002.791652
-1024.223071,52,1480.758049,-88.048359,-1024.223071
-1188.847309,85,1482.941653,758.263834,-1188.847309
-1265.19203,74,1484.65042,-117.907449,-1265.19203
-981.34803,57,1485.838715,-56.189623,-981.34803
-717.107534,118,1488.736022,503.13919,-717.107534
-921.831525,57,1489.931059,-67.5578,-921.831525
-1460.239929,103,1492.485979,-373.480019,-1460.239929
-987.860438,56,1493.581508,49.43879,-987.860438
-1130.6764,66,1495.374685,-113.052022,-1130.6764
-1425.273289,108,1497.412667,566.561121,-1425.273289
-1096.882382,114,1500.666062,608.807563,-1096.882382
-1155.780525,104,1503.838058,638.495882,-1155.780525
-1468.656581,117,1506.933497,514.394435,-1468.656581
-1102.433703,61,1508.424353,-74.635993,-1102.433703
-1323.305431,154,1512.2024,287.255368,-1323.305431
-1463.061745,102,1515.102507,-380.569654,-1463.061745
-1322.209203,79,1516.82359,-262.29351,-1322.209203
-1227.864886,84,1519.022058,-315.153287,-1227.864886
-1458.446188,114,1521.485104,-460.087295,-1458.446188
-1142.384578,71,1523.463602,-69.232188,-1142.384578
-1177.015444,78,1525.080063,-265.445748,-1177.015444
-1326.553238,78,1526.967927,-183.622655,-1326.553238
-1415.247648,112,1529.07028,620.650261,-1415.247648
-1328.907595,84,1530.859254,703.894986,-1328.907595
-1137.749687,65,1531.921083,-120.122261,-1137.749687
-1210.157143,81,1533.313381,813.890696,-1210.157143
-1065.135996,55,1534.60856,-46.98974,-1065.135996
-1124.095435,85,1536.066613,-240.525548,-1124.095435
-954.725014,83,1537.473338,-289.952318,-954.725014
-858.356498,86,1539.313743,759.882281,-858.356498
-1171.65304,62,1540.454127,-114.597302,-1171.65304
-952.683015,76,1541.777873,-167.187188,-952.683015
-1201.241949,74,1543.591521,-154.582724,-1201.241949
-1028.595681,49,1544.415451,-2.982583,-1028.595681
-1052.441911,57,1545.392272,932.42049,-1052.441911
-1199.979489,74,1546.972644,-182.555665,-1199.979489
-1506.681397,115,1549.63861,622.390871,-1506.681397
-922.851018,62,1551.108882,-61.003742,-922.851018
-908.562789,94,1553.164771,-259.662094,-908.562789
-1443.904894,101,1555.985156,-306.464969,-1443.904894
-1243.645354,80,1557.736877,837.083502,-1243.645354
-1163.634274,104,1560.724074,-277.479976,-1163.634274
-1227.851896,73,1562.586874,-179.156591,-1227.851896
-1217.600174,76,1564.52817,843.344421,-1217.600174
-998.380861,105,1566.696579,676.552786,-998.380861
-1013.089171,66,1568.287,-54.124893,-1013.089171
-965.491418,105,1570.389713,672.932042,-965.491418
-1123.548321,63,1571.558282,-116.61061,-1123.548321
-1452.823316,119,1574.191707,549.33549,-1452.823316
-1121.283076,62,1575.496134,-16.463416,-1121.283076
-1153.750467,64,1576.744404,-95.064315,-1153.750467
-797.686464,97,1579.244988,-283.136074,-797.686464
-1315.347781,101,1581.285061,715.737746,-1315.347781
-1061.434349,50,1582.709137,-61.632563,-1061.434349
-1177.743175,61,1584.010802,127.903243,-1177.743175
-1112.600321,87,1586.059153,-269.535696,-1112.600321
-1106.952683,54,1587.328088,45.520941,-1106.952683
-1068.420219,94,1589.72478,-16.382017,-1068.420219
-1217.765425,79,1591.645699,-184.109964,-1217.765425
-1195.15926,65,1592.934664,-57.999193,-1195.15926
-1209.277672,70,1594.221271,-183.80819,-1209.277672
-1080.432767,84,1597.063808,213.371075,-1080.432767
-1160.869012,70,1598.276478,881.785007,-1160.869012
-1365.888425,119,1601.221681,-453.123168,-1365.888425
-1170.02822,75,1603.128723,-226.435815,-1170.02822
-1041.680581,57,1604.583038,-29.631091,-1041.680581
-1345.13344,99,1606.464848,621.667148,-1345.13344
-1145.938961,73,1608.147373,-118.514314,-1145.938961
-1071.6636,57,1609.302662,918.094758,-1071.6636
-1316.709793,90,1611.061754,-179.503992,-1316.709793
-933.343531,68,1612.445997,-167.3946,-933.343531
-1048.993079,96,1614.48066,664.971936,-1048.993079
-1107.095352,54,1615.488829,-48.302745,-1107.095352
-945.848126,82,1617.255297,-110.17456,-945.848126
-1744.383214,174,1620.885081,219.230862,-1744.383214
-1081.164564,61,1622.134326,-48.887209,-1081.164564
-1487.280331,109,1624.144742,-362.802331,-1487.280331
-1004.971247,63,1625.695227,-114.044167,-1004.971247
-1170.285389,117,1628.121759,580.42316,-1170.285389
-1215.794197,69,1629.955432,-96.38776,-1215.794197
-1010.216804,60,1631.02581,29.083359,-1010.216804
-976.244654,63,1632.106437,-99.260023,-976.244654
-1282.864102,84,1634.026578,-205.018306,-1282.864102
-959.704207,75,1635.438334,822.321368,-959.704207
-1009.932843,72,1636.77557,-144.851394,-1009.932843
-1068.500429,52,1637.952107,-46.594351,-1068.500429
-1305.055224,108,1640.174607,582.433506,-1305.055224
-1109.580937,96,1642.239075,686.737497,-1109.580937
-1165.806483,71,1643.429258,846.343739,-1165.806483
-1212.025189,66,1644.492088,-61.71601,-1212.025189
-1049.921532,61,1645.771267,-64.21045,-1049.921532
-937.819084,63,1646.835916,-110.497117,-937.819084
-938.888967,116,1648.68418,-334.576425,-938.888967
-959.384194,41,1649.754461,73.135427,-959.384194
-1064.582156,53,1650.689867,-31.540828,-1064.582156
-1271.789403,117,1652.860847,592.837611,-1271.789403
-896.048544,78,1654.50472,-193.345364,-896.048544
-977.262498,62,1655.519498,-109.839982,-977.262498
-1017.069712,47,1656.405101,23.903922,-1017.069712
-1027.445649,66,1657.852358,945.218805,-1027.445649
-1011.523193,64,1658.941896,-151.832062,-1011.523193
-1110.790073,71,1660.274823,-187.149557,-1110.790073
-1318.749181,79,1661.950128,-198.33485,-1318.749181
-1158.397588,132,1664.734155,513.659735,-1158.397588
-1118.861465,73,1666.036139,879.363066,-1118.861465
-1135.203894,62,1667.095048,-107.184757,-1135.203894
-973.204798,51,1668.074288,-18.721185,-973.204798
-1755.934853,162,1671.304075,278.539505,-1755.934853
-1003.344531,68,1672.794013,-184.940711,-1003.344531
-1311.126332,93,1674.509504,722.34946,-1311.126332
-1029.496209,71,1675.772871,-72.377755,-1029.496209
-1367.741427,89,1677.630868,-196.066495,-1367.741427
-1141.408892,67,1679.166767,-115.182712,-1141.408892
-985.140446,79,1680.852884,-134.762066,-985.140446
-722.176158,114,1682.80003,607.814918,-722.176158
-952.819258,81,1684.387631,793.128143,-952.819258
-1103.364715,109,1686.402954,589.012573,-1103.364715
-1615.061073,129,1688.836014,423.429026,-1615.061073
-1032.009166,94,1690.427546,-74.698658,-1032.009166
-1329.635504,88,1692.379489,-288.571633,-1329.635504
-1118.818567,63,1693.513881,892.159213,-1118.818567
-1161.666998,60,1694.595444,-58.726,-1161.666998
-1021.896626,49,1695.877496,1024.153926,-1021.896626
-1342.456791,114,1698.088509,619.156168,-1342.456791
-1110.475635,66,1699.444133,-77.316354,-1110.475635
-1442.437959,93,1702.449146,-241.195006,-1442.437959
-1150.349085,76,1704.216491,-128.094295,-1150.349085
-1182.611523,76,1705.983462,879.742368,-1182.611523
-1067.661765,86,1707.748171,-165.185397,-1067.661765
-880.084429,79,1709.871881,-182.885841,-880.084429
-1096.951976,55,1711.157357,-53.319727,-1096.951976
-1267.199245,73,1713.025816,-229.416957,-1267.199245
-883.421327,75,1715.560312,-148.638051,-883.421327
-969.565001,71,1717.18693,-149.524434,-969.565001
-915.71179,82,1718.773832,777.902498,-915.71179
-858.575451,88,1721.15469,-274.899838,-858.575451
-949.266113,74,1722.757512,-204.549972,-949.266113
-1082.687824,71,1724.774505,821.301811,-1082.687824
-788.428226,122,1728.071795,-372.2391,-788.428226
-1092.316638,65,1730.213377,-52.892964,-1092.316638
-1121.54441,64,1731.655931,-132.358819,-1121.54441
-1348.57821,101,1734.305743,676.728595,-1348.57821
-818.721616,106,1736.457408,569.626007,-818.721616
-1153.746649,65,1738.173848,-133.757913,-1153.746649
-1230.002224,77,1739.819413,-201.226555,-1230.002224
-1118.146387,60,1741.02274,-97.706718,-1118.146387
-2159.836191,206,1745.804715,-79.684584,-2159.836191
-1436.681096,153,1749.23475,289.804693,-1436.681096
-1073.558359,70,1751.205551,797.685051,-1073.558359
-1161.895153,72,1753.076966,840.244849,-1161.895153
-922.73585,82,1754.598268,-232.260209,-922.73585
-1017.345672,82,1756.238065,-52.470131,-1017.345672
-806.210743,95,1757.98385,-369.398521,-806.210743
-1341.558072,126,1760.477884,-594.752492,-1341.558072
-916.798337,110,1762.322288,645.188144,-916.798337
-1338.806978,98,1764.561619,663.114313,-1338.806978
-1013.266223,59,1765.491341,-109.68863,-1013.266223
-1113.122077,58,1766.35516,-64.458757,-1113.122077
-990.081683,55,1767.395423,-49.232047,-990.081683
-1156.146548,62,1768.443559,-138.718842,-1156.146548
-1628.778206,168,1772.166762,-862.125779,-1628.778206
-1398.278145,97,1773.674725,637.174957,-1398.278145
-1168.971115,63,1775.051672,-95.702334,-1168.971115
-1119.823109,59,1776.033844,-39.140597,-1119.823109
-963.198546,67,1777.205767,-20.595506,-963.198546
-1097.538979,58,1778.56595,-68.674721,-1097.538979
-1300.13362,99,1780.688544,676.227747,-1300.13362
-1186.13123,62,1782.158171,-47.491356,-1186.13123
-1101.486123,91,1784.537567,676.571957,-1101.486123
-1223.520542,68,1785.829981,-106.006485,-1223.520542
-905.67975,71,1787.154244,-199.256262,-905.67975
-1065.23661,51,1788.393956,-1.813131,-1065.23661
-1174.007087,66,1789.641458,-67.304818,-1174.007087
-1140.44774,75,1791.122172,-214.38908,-1140.44774
-1007.850373,68,1792.738604,869.652694,-1007.850373
-837.687218,94,1794.551637,-330.356026,-837.687218
-981.798656,57,1795.582007,931.458119,-981.798656
-1308.044343,81,1797.562639,-290.197045,-1308.044343
-899.182597,82,1799.092867,-273.732199,-899.182597
-1163.734238,73,1800.878164,854.429265,-1163.734238
-1219.767902,67,1802.089519,-52.241536,-1219.767902
-1016.557372,68,1803.264897,-191.932197,-1016.557372
-901.968837,150,1806.298306,251.410811,-901.968837
-833.480198,90,1808.585323,-286.278774,-833.480198
-1001.587769,67,1809.859144,-193.286114,-1001.587769
-1083.856819,56,1810.956046,996.245138,-1083.856819
-1272.264107,84,1813.334272,-241.600048,-1272.264107
-1581.488847,121,1815.661596,457.912369,-1581.488847
-851.22458,79,1817.305396,-193.935516,-851.22458
-921.814574,78,1818.788269,-170.855709,-921.814574
-895.187694,70,1820.401418,-107.016863,-895.187694
-940.579241,62,1821.502773,999.729393,-940.579241
-1150.659044,53,1822.55052,3.196268,-1150.659044
-1013.714381,58,1823.575719,-133.597797,-1013.714381
-1340.224882,101,1825.902582,698.036373,-1340.224882
-1455.658424,103,1827.834178,-333.716243,-1455.658424
-1078.733919,68,1829.450182,-168.109295,-1078.733919
-975.878825,71,1830.745637,-148.092231,-975.878825
-1044.977983,93,1832.828178,679.948697,-1044.977983
-923.986511,87,1834.589037,-195.34259,-923.986511
-948.411414,80,1836.028113,-260.007943,-948.411414
-1212.234272,72,1837.635037,-68.111484,-1212.234272
-1002.753094,73,1838.887353,-174.752132,-1002.753094
-1122.842455,62,1839.993872,-58.827322,-1122.842455
-984.36601,79,1841.725167,-211.060654,-984.36601
-949.100247,84,1843.315621,-248.909932,-949.100247
-969.914683,83,1845.192723,763.203237,-969.914683
-890.485046,68,1846.418335,-144.425833,-890.485046
-1169.006899,64,1847.589736,-66.022863,-1169.006899
-977.403657,79,1849.507928,-295.684989,-977.403657
-1160.845787,72,1850.857889,-231.388064,-1160.845787
-936.8477,77,1852.808277,-94.46184,-936.8477
-1389.120426,97,1854.985847,-275.995079,-1389.120426
-1154.816746,71,1856.250361,893.977321,-1154.816746
-894.309212,91,1858.807818,835.070032,-894.309212
-1100.296561,77,1860.43817,-190.840907,-1100.296561
-921.11509,68,1861.961333,895.769692,-921.11509
-1291.168906,80,1863.666456,27.15213,-1291.168906
-1626.088465,130,1867.312191,369.910062,-1626.088465
-1002.108268,46,1868.302833,3.560837,-1002.108268
-1186.56125,76,1869.724785,842.526143,-1186.56125
-996.606987,60,1871.580299,-152.600769,-996.606987
-948.019528,79,1873.257133,800.081283,-948.019528
-1181.349772,73,1874.751391,-123.673417,-1181.349772
446.606652,254,1881.686574,-2264.982559,446.606652
-997.950041,80,1883.4492,-272.589409,-997.950041
-1030.484216,80,1886.007525,-196.771616,-1030.484216
-885.088928,77,1887.75141,814.248661,-885.088928
-1001.058988,72,1889.033881,-249.447551,-1001.058988
-933.422013,49,1890.323772,1007.290985,-933.422013
-1026.99035,56,1891.27738,-48.166606,-1026.99035
-1140.168809,68,1892.444718,-162.198404,-1140.168809
-978.853821,61,1893.868681,-174.442978,-978.853821
-1437.811503,125,1896.223191,532.264357,-1437.811503
-974.032171,54,1897.132468,-43.199575,-974.032171
-972.145557,68,1898.508481,-141.818765,-972.145557
-721.701775,126,1900.708729,515.164642,-721.701775
-1122.877925,70,1902.844874,816.354635,-1122.877925
-848.286308,86,1904.320786,-326.376974,-848.286308
-1074.732098,61,1905.407366,-79.667343,-1074.732098
-948.518232,66,1906.658622,-120.783166,-948.518232
-955.498238,53,1907.571419,-15.756653,-955.498238
-1287.487425,73,1908.66707,-17.947871,-1287.487425
-1367.605377,108,1910.412087,578.075003,-1367.605377
-939.959475,98,1911.907592,743.954208,-939.959475
-1444.215423,114,1913.860497,509.999697,-1444.215423
-1183.086564,72,1915.069991,-77.628364,-1183.086564
-1758.477642,149,1917.70471,291.703881,-1758.477642
1225.72603,69,1919.001995,-1106.160076,1225.72603
-957.49285,56,1920.097549,-73.150836,-957.49285
-1216.707037,95,1921.790499,729.226965,-1216.707037
-1492.96921,140,1924.205867,-453.378559,-1492.96921
-1104.330513,64,1925.176627,-111.504389,-1104.330513
-1263.355904,82,1926.494853,-317.819532,-1263.355904
-1333.488363,93,1927.957026,732.728329,-1333.488363
-891.630346,79,1929.141402,-190.928469,-891.630346
-1134.741917,68,1930.314428,-91.479862,-1134.741917
-1487.262798,119,1932.362269,567.497981,-1487.262798
-1332.194693,92,1933.844173,-251.159169,-1332.194693
-1035.631689,51,1934.626872,-47.052825,-1035.631689
-895.063512,55,1935.383775,-62.103933,-895.063512
-992.038587,73,1936.763172,-207.188949,-992.038587
-954.342057,110,1938.426635,612.60655,-954.342057
-1222.585806,74,1939.515581,-181.645929,-1222.585806
-862.025129,96,1940.848651,681.058845,-862.025129
-1148.964502,68,1941.807249,-130.830483,-1148.964502
-1471.361567,131,1943.84676,538.010251,-1471.361567
-899.626016,75,1945.071659,-230.029835,-899.626016
-928.871952,82,1946.35898,879.9886,-928.871952
-1152.775828,71,1947.400794,881.333195,-1152.775828
-971.766835,71,1948.465593,-189.434299,-971.766835
-991.043527,57,1949.402085,-85.305846,-991.043527
-1009.792898,67,1950.414273,-147.472278,-1009.792898
-1442.512484,111,1952.408974,599.732217,-1442.512484
-1101.099007,56,1953.408918,46.572888,-1101.099007
-1134.83969,59,1954.358795,-66.702486,-1134.83969
-934.664166,56,1955.303203,-58.014014,-934.664166
-1225.580416,84,1956.716847,-201.356663,-1225.580416
-1132.489665,56,1957.56836,-43.728786,-1132.489665
-1261.444934,130,1959.695299,490.198661,-1261.444934
-1181.042131,69,1960.847259,-218.068707,-1181.042131
-906.197564,69,1961.926209,-96.994164,-906.197564
-983.240228,76,1963.24492,836.524118,-983.240228
-1326.89588,177,1965.967791,221.628814,-1326.89588
-1107.611282,63,1966.946186,882.808992,-1107.611282
-983.297529,76,1968.209704,-207.925602,-983.297529
-790.165883,98,1970.17523,676.648425,-790.165883
-1341.282988,101,1971.758882,-406.464055,-1341.282988
-919.730445,109,1973.462839,590.924175,-919.730445
-1102.790202,67,1974.602017,900.722678,-1102.790202
-1262.722428,88,1975.989059,-210.215928,-1262.722428
-1620.833774,125,1978.349177,465.818834,-1620.833774
-908.921205,110,1980.000516,-322.852765,-908.921205
-931.544985,82,1981.258044,-292.087714,-931.544985
-1320.447691,101,1982.827531,730.05469,-1320.447691
-1796.761994,185,1985.94619,-938.462182,-1796.761994
-1450.490309,109,1987.667955,-427.471217,-1450.490309
-1074.810736,81,1989.033881,-219.004512,-1074.810736
-1282.914199,92,1990.457393,-242.6428,-1282.914199
-1359.85981,94,1991.751862,690.574444,-1359.85981
-1191.758767,73,1992.772625,841.147234,-1191.758767
-976.512973,104,1994.373378,618.306177,-976.512973
-1022.5866,123,1996.055395,570.00535,-1022.5866
-938.095296,60,1996.879308,-110.889889,-938.095296
-1199.25021,80,1997.948115,802.05941,-1199.25021
-1098.164737,74,1998.920443,826.902132,-1098.164737
-991.394209,71,1999.929004,-195.881247,-991.394209
-886.683658,78,2001.415974,830.595516,-886.683658
-852.904381,81,2002.768722,-106.434776,-852.904381
-1026.03082,76,2004.160529,791.262874,-1026.03082
-1073.68627,61,2005.166128,887.219865,-1073.68627
-1061.076849,71,2006.397142,849.100928,-1061.076849
-1012.512784,59,2007.254692,34.173217,-1012.512784
-1134.015118,52,2008.110365,-14.778338,-1134.015118
-995.824268,66,2009.125898,-113.114594,-995.824268
-1160.473311,75,2010.279285,-194.758559,-1160.473311
-1024.871302,102,2011.933392,670.794726,-1024.871302
-1089.292161,77,2013.363225,-79.821869,-1089.292161
-867.746472,85,2014.751435,784.354236,-867.746472
-1459.366841,143,2017.208793,-440.420452,-1459.366841
-1231.59784,72,2018.396186,-135.017318,-1231.59784
-881.121515,96,2020.004183,-309.494823,-881.121515
-1110.205659,73,2021.14759,808.857154,-1110.205659
-657.840515,112,2023.110403,572.362743,-657.840515
-1352.060041,94,2024.624453,-251.557623,-1352.060041
-896.905341,84,2025.953066,-252.253263,-896.905341
-1103.078766,58,2026.828224,-80.365307,-1103.078766
-1256.095612,67,2027.89665,-130.448835,-1256.095612
-1144.811515,108,2029.626711,607.135999,-1144.811515
-1045.922196,79,2030.925613,-187.986433,-1045.922196
-1106.247866,51,2031.72561,-75.314296,-1106.247866
-887.493521,64,2032.760212,-44.202384,-887.493521
-1587.035663,140,2035.413953,404.477905,-1587.035663
-940.314583,104,2037.155128,-276.58227,-940.314583
-1055.696882,75,2038.546186,874.85094,-1055.696882
-1082.392654,57,2039.362678,-83.509678,-1082.392654
-1017.808355,103,2040.94154,-337.845955,-1017.808355
-1093.517013,62,2041.868109,-108.42004,-1093.517013
-1127.985332,60,2042.816588,-147.556753,-1127.985332
-1318.26077,84,2044.116742,-244.895208,-1318.26077
-1253.246918,100,2045.692079,709.88102,-1253.246918
-926.587619,68,2046.745257,-188.105982,-926.587619
-1226.680807,96,2048.193038,698.614866,-1226.680807
-1133.161554,64,2049.220129,-166.721501,-1133.161554
-911.307466,87,2050.533381,755.869382,-911.307466
-1201.432347,66,2051.519476,-202.49593,-1201.432347
-1614.94537,127,2053.549945,499.394802,-1614.94537
-1098.19046,124,2055.407589,537.929007,-1098.19046
-1138.142617,66,2056.56508,-133.404224,-1138.142617
-1148.693924,65,2057.559715,-54.475458,-1148.693924
-1213.12914,65,2058.673217,-165.093172,-1213.12914
-961.765,87,2059.997087,-265.31326,-961.765
-1132.885653,65,2061.041594,878.356788,-1132.885653
-1715.907885,165,2063.45192,346.720947,-1715.907885
-961.436023,68,2064.376634,-105.005851,-961.436023
-1650.567017,146,2066.641179,-674.302845,-1650.567017
-1106.056551,60,2067.92831,-55.897361,-1106.056551
-1157.79057,63,2069.032829,-88.340087,-1157.79057
-1208.103873,90,2070.678,-215.865245,-1208.103873
-956.02359,64,2071.735004,-131.262382,-956.02359
-839.487688,81,2073.03415,-114.585151,-839.487688
-1690.970539,195,2076.336663,-78.624798,-1690.970539
-980.160117,59,2077.292592,-67.228821,-980.160117
-1156.29414,85,2078.719348,-231.310858,-1156.29414
-1264.171811,104,2080.447298,628.304411,-1264.171811
-1080.838618,56,2081.381613,-60.856809,-1080.838618
-866.491184,91,2082.918282,-204.262381,-866.491184
-835.498021,102,2084.56905,-330.824149,-835.498021
-1342.102407,96,2086.051159,691.990723,-1342.102407
-1482.442798,112,2087.812418,603.092492,-1482.442798
-1297.001591,167,2090.369757,287.427657,-1297.001591
-1336.747077,103,2092.07705,-422.863224,-1336.747077
-1514.190636,131,2094.218827,-442.225852,-1514.190636
-621.817304,135,2096.511019,467.793855,-621.817304
-1113.668345,108,2098.395352,639.426422,-1113.668345
-1178.029197,111,2100.096586,576.711455,-1178.029197
-790.064567,92,2102.039078,729.399149,-790.064567
-1073.356253,58,2103.023678,-80.65985,-1073.356253
-1111.107298,104,2104.572332,656.706641,-1111.107298
-1498.748444,106,2105.96288,-459.463634,-1498.748444
-1226.776395,84,2107.137605,768.404135,-1226.776395
-975.129798,96,2108.54648,673.976251,-975.129798
-919.067124,104,2110.050012,-162.172453,-919.067124
-790.638968,97,2111.527833,728.935011,-790.638968
95.057967,85,2112.891351,-1085.422694,95.057967
-985.115624,67,2113.883607,-184.373703,-985.115624
-874.925726,76,2114.974963,818.930982,-874.925726
-1239.588805,85,2116.179093,766.209387,-1239.588805
-899.713699,69,2117.145419,-134.442133,-899.713699
-818.649365,94,2118.466607,695.098617,-818.649365
-1492.992671,105,2119.871334,-417.956774,-1492.992671
-1519.810522,142,2121.888119,476.647618,-1519.810522
-1269.379884,85,2123.078543,-238.409879,-1269.379884
-1031.14157,55,2123.858962,956.40483,-1031.14157
-1032.7037,64,2124.644227,-147.338386,-1032.7037
-846.869863,90,2125.796939,731.46234,-846.869863
-1305.026927,97,2127.072076,692.999952,-1305.026927
-1556.851788,141,2128.909014,485.753415,-1556.851788
-1144.826561,64,2129.746066,-107.409076,-1144.826561
-1072.528386,63,2130.891291,-34.950044,-1072.528386
-1641.520935,126,2132.569565,-510.434447,-1641.520935
-951.361321,68,2133.560333,-55.206382,-951.361321
-1739.206891,166,2135.746595,273.450765,-1739.206891
-1189.168003,74,2136.73615,843.352112,-1189.168003
-927.654807,65,2137.614477,-99.62,-927.654807
-902.268846,71,2138.61407,870.504212,-902.268846
-1791.90474,136,2140.552605,-586.845348,-1791.90474
-1281.481971,89,2141.828014,-265.646659,-1281.481971
-1384.04565,114,2144.424435,601.61809,-1384.04565
-1436.949264,113,2146.296387,620.439609,-1436.949264
-1039.075078,103,2147.883269,-389.021569,-1039.075078
-903.935488,80,2149.19268,814.922696,-903.935488
-1640.657766,121,2151.071043,-499.464856,-1640.657766
-1650.747198,135,2153.53941,-477.108084,-1650.747198
-1451.28973,118,2155.577827,562.285666,-1451.28973
-1335.194793,106,2157.315153,621.686949,-1335.194793
-902.82475,75,2158.58921,1074.147086,-902.82475
-1027.993726,49,2159.471787,-5.348963,-1027.993726
-905.591414,82,2160.889122,-187.637526,-905.591414
-1253.001664,111,2163.000797,-442.837683,-1253.001664
-1196.581304,85,2165.105623,784.377653,-1196.581304
-1301.774776,93,2166.785444,-253.496914,-1301.774776
-1319.769949,101,2168.56729,682.365222,-1319.769949
-1092.487157,54,2169.504102,-51.31329,-1092.487157
-820.557913,98,2171.17356,-286.957525,-820.557913
-1453.987557,101,2173.124866,-419.882362,-1453.987557
-859.64254,85,2174.650523,-218.295969,-859.64254
-1003.829666,83,2176.161602,-275.766168,-1003.829666
-1300.534947,85,2177.707204,-295.791336,-1300.534947
-866.708366,115,2179.720538,-507.258104,-866.708366
-920.067605,66,2180.855122,-99.59497,-920.067605
-1312.736267,82,2182.3512,-74.953157,-1312.736267
-1216.789533,79,2183.748408,-94.42258,-1216.789533
-915.038288,89,2185.236962,792.88306,-915.038288
-1496.105537,161,2187.753114,362.22747,-1496.105537
-1225.416425,76,2188.792709,-195.61635,-1225.416425
-1321.020692,95,2190.050855,-370.665059,-1321.020692
-900.03651,72,2191.050251,-5.896459,-900.03651
-1106.648415,76,2192.214482,-143.885043,-1106.648415
-1568.002299,129,2194.069558,508.712753,-1568.002299
-1128.617611,69,2195.061753,-164.762739,-1128.617611
-488.876346,160,2197.372118,309.90658,-488.876346
-1779.243082,164,2200.261904,250.41726,-1779.243082
-953.031251,121,2202.267471,581.975005,-953.031251
-1492.978549,117,2204.184354,602.106964,-1492.978549
-903.284982,90,2205.630503,-243.888345,-903.284982
-1298.273843,91,2207.12479,-197.889573,-1298.273843
-914.205189,79,2208.398835,-198.526545,-914.205189
-1237.856675,72,2209.543292,-188.455936,-1237.856675
-945.018809,84,2210.806195,-133.016187,-945.018809
-1108.676026,90,2212.69153,-292.197586,-1108.676026
-1602.425133,124,2214.721776,479.07413,-1602.425133
-823.4828,89,2216.107317,-171.342979,-823.4828
-1126.064098,64,2217.175829,-67.426841,-1126.064098
-1441.499592,114,2219.173236,598.234422,-1441.499592
-1162.118432,92,2220.732917,764.3803,-1162.118432
-1323.407172,108,2222.882443,657.210587,-1323.407172
-906.353385,69,2224.118725,-162.245853,-906.353385
-1237.931421,73,2225.491606,-206.258977,-1237.931421
-802.701047,83,2226.933169,793.7225,-802.701047
-815.532637,92,2228.870835,-244.076616,-815.532637
-1409.539131,128,2231.152425,-522.729993,-1409.539131
-1125.747169,62,2232.298787,-134.098754,-1125.747169
-608.09159,153,2235.472296,487.367978,-608.09159
-1286.251627,81,2236.783976,-253.156854,-1286.251627
-1337.678726,124,2238.821845,485.738589,-1337.678726
-762.108999,101,2240.330325,673.361308,-762.108999
-1112.739795,50,2241.132658,18.877177,-1112.739795
-820.505613,162,2243.625239,214.322404,-820.505613
-1182.441896,80,2245.357662,831.808018,-1182.441896
-812.538646,130,2248.067439,-287.695724,-812.538646
-995.424632,64,2249.090165,-96.272098,-995.424632
-1164.519401,66,2250.092584,-34.370882,-1164.519401
-902.381908,88,2251.461732,677.814945,-902.381908
-1264.628302,95,2252.91883,708.391411,-1264.628302
-1377.660002,125,2255.084153,-369.081676,-1377.660002
-1368.986484,106,2256.769222,651.478626,-1368.986484
-921.419212,91,2258.16897,-225.112046,-921.419212
-1223.781223,85,2259.329412,784.001222,-1223.781223
-1473.927951,132,2261.19315,487.497984,-1473.927951
-1062.878611,50,2261.911805,-2.701862,-1062.878611
255.021068,69,2262.936062,-945.01432,255.021068
-957.134446,92,2264.334036,731.547341,-957.134446
-1118.232314,127,2266.135682,734.558189,-1118.232314
-977.54925,49,2266.884052,-7.630772,-977.54925
-1084.406886,72,2268.295001,-193.968231,-1084.406886
-1019.365453,66,2269.3567,-127.083734,-1019.365453
-965.69787,62,2270.391818,-177.32421,-965.69787
-968.936499,78,2271.567381,-2.675895,-968.936499
-1108.603448,111,2273.375102,-429.051411,-1108.603448
-1039.553138,50,2274.187994,1003.500528,-1039.553138
-1293.741953,85,2275.470892,-240.878243,-1293.741953
-1542.804812,122,2277.614523,535.212415,-1542.804812
-1368.717247,113,2279.386692,648.669656,-1368.717247
-1229.985895,116,2281.103829,592.162829,-1229.985895
-1302.228959,90,2282.663501,741.10028,-1302.228959
-955.575355,59,2283.705039,-1.778636,-955.575355
-1194.300104,73,2284.901802,-192.469153,-1194.300104
-1397.829,100,2287.518258,687.59171,-1397.829
-1381.965667,99,2289.192456,-326.906076,-1381.965667
-1203.581455,69,2290.401259,-175.095702,-1203.581455
-865.329525,99,2291.88252,-340.839069,-865.329525
-1436.022092,91,2293.317495,-308.467786,-1436.022092
-864.285614,73,2294.50322,-70.304382,-864.285614
-1162.330628,57,2295.405687,-39.524972,-1162.330628
-867.60336,91,2296.930092,743.075546,-867.60336
-996.275135,72,2298.001971,-146.429775,-996.275135
-1181.36493,63,2299.01193,-143.755307,-1181.36493
-832.170859,94,2300.612679,-314.074966,-832.170859
-825.598232,97,2302.618753,-357.175432,-825.598232
-1280.743953,76,2304.310619,46.152644,-1280.743953
-1521.5775,162,2307.933897,391.650119,-1521.5775
-1201.500867,98,2309.979114,-337.883005,-1201.500867
-1048.559524,67,2311.420714,-118.709527,-1048.559524
-1482.782076,109,2313.78938,555.656242,-1482.782076
-1176.596052,69,2314.973911,-158.559353,-1176.596052
-1344.119359,93,2316.576462,664.815864,-1344.119359
-1760.385642,169,2319.11065,281.667857,-1760.385642
-1502.052032,109,2320.617489,-334.568165,-1502.052032
-821.196487,92,2321.952525,750.529063,-821.196487
-2087.01882,173,2324.748813,52.108483,-2087.01882
-907.062801,70,2325.872663,-167.555107,-907.062801
-904.892893,84,2327.240855,-269.404587,-904.892893
-865.322715,124,2329.162892,472.541427,-865.322715
-1022.566466,59,2330.100529,-25.62738,-1022.566466
-1095.634053,120,2331.8643,508.636122,-1095.634053
-1503.650697,165,2334.584528,258.747633,-1503.650697
-923.701813,69,2335.610566,-166.425669,-923.701813
-979.33068,99,2337.536299,-311.790142,-979.33068
-1232.193553,96,2339.14424,753.445676,-1232.193553
-917.17731,69,2340.253889,-191.860139,-917.17731
-1256.411189,91,2341.590511,-314.978873,-1256.411189
-1250.52959,79,2342.84702,-212.256544,-1250.52959
-1559.229912,150,2345.590135,340.3788,-1559.229912
-967.322693,87,2346.981567,767.907421,-967.322693
-1363.409436,85,2348.168817,-267.402819,-1363.409436
-1306.061087,90,2349.4653,-309.800936,-1306.061087
-812.542133,114,2351.025989,-421.074309,-812.542133
-2028.271007,193,2354.041597,17.388792,-2028.271007
-986.11121,72,2355.316834,-160.183976,-986.11121
-1362.587445,76,2356.465215,-169.453514,-1362.587445
-1185.46309,63,2357.409105,-72.630194,-1185.46309
-1140.356486,112,2359.146807,568.450585,-1140.356486
-1004.249953,81,2360.404867,-240.442809,-1004.249953
-1284.668279,78,2361.60947,-164.471106,-1284.668279
-1382.406777,93,2363.101804,-257.1043,-1382.406777
-1239.094674,125,2365.16938,539.254914,-1239.094674
-1202.313683,66,2366.100044,-161.291122,-1202.313683
-1541.178514,108,2367.943707,-383.521854,-1541.178514
-791.068389,106,2369.826656,-155.234909,-791.068389
